cycle_time,spt_policy,fifo_policy,shortest_queue_policy,longest_queue_policy,postpone
5.933184705360204,1679,245,34,42,0
5.400628147398311,1681,233,37,49,0
5.882046023380672,1621,281,48,50,0
5.794235259939535,1665,251,43,41,0
5.510878842409482,1676,250,42,32,0
5.354915585992656,1656,247,55,42,0
6.128780387431116,1664,241,47,48,0
5.740963298429746,1632,278,41,49,0
5.223988434830547,1649,258,50,43,0
7.113933561821812,1628,288,48,36,0
4.959742882318497,1662,240,46,52,0
4.669859516938714,1637,280,39,44,0
6.161890279205547,1633,281,38,48,0
6.1139302334666965,1668,238,43,51,0
5.4807965508821335,1637,268,45,50,0
5.772087664389281,1650,268,47,35,0
5.749125645565977,1654,261,39,46,0
7.338359405299395,1664,236,46,54,0
5.61629496298212,1663,255,41,41,0
4.733045477002803,1606,294,44,56,0
5.7817805179892074,1664,254,42,40,0
6.1676531398647665,1647,267,40,46,0
5.93626687346456,1671,259,36,34,0
6.161706854930173,1651,269,35,45,0
5.281649207430617,1656,263,39,42,0
5.257837341674581,1666,252,48,34,0
6.762585483204834,1634,275,49,42,0
6.563339570953366,1652,270,34,44,0
5.609703801622615,1646,265,45,44,0
5.770830990611257,1592,308,53,47,0
5.370696329761151,1690,225,35,50,0
5.334168423228032,1638,270,43,49,0
4.4931937536375015,1648,266,36,50,0
7.467780133779152,1653,263,44,40,0
5.515121606061233,1651,281,25,43,0
5.439041092858068,1642,272,38,48,0
5.793287700860765,1659,256,40,45,0
4.9823172764118775,1629,275,47,49,0
5.5870727282951655,1658,246,43,53,0
6.1193682752004825,1639,276,42,43,0
6.167032652224931,1637,278,43,42,0
6.036916567579434,1650,271,36,43,0
5.474529289555224,1659,270,42,29,0
6.152486613450481,1642,270,51,37,0
4.759983114833728,1637,274,43,46,0
6.029846294949165,1670,244,50,36,0
6.168763119584445,1664,247,37,52,0
4.576818982048599,1663,246,51,40,0
6.1503842837277425,1656,262,42,40,0
5.35183925156087,1643,257,48,52,0
5.334065799987149,1655,259,40,46,0
4.873123116354642,1669,251,41,39,0
5.286414028732997,1641,250,56,53,0
4.823992058315426,1651,257,34,58,0
5.740035352868457,1659,262,29,50,0
5.341581742661469,1668,227,44,61,0
6.007798595045353,1643,269,34,54,0
6.8094754241824225,1646,265,48,41,0
6.99673474990494,1629,278,39,54,0
5.927482671966479,1636,284,38,42,0
6.446332698831799,1645,277,40,38,0
5.788758756110638,1656,282,36,26,0
6.271773669742865,1620,296,44,40,0
5.017532515953618,1666,251,47,36,0
5.412749360491966,1635,278,50,37,0
5.738166019110925,1647,276,30,47,0
5.630302903791739,1678,247,26,49,0
6.6740655916691525,1676,250,36,38,0
5.450333737870011,1628,278,43,51,0
5.293952318772193,1669,253,44,34,0
5.32829717482318,1664,252,39,45,0
6.722174669863367,1629,276,38,57,0
6.112947240856996,1648,262,49,41,0
5.210490513792355,1650,290,23,37,0
5.417305540879129,1669,237,50,44,0
5.919108705366507,1672,258,32,38,0
5.345503533271702,1669,254,38,39,0
4.959607869196264,1656,273,38,33,0
6.732149834583997,1658,252,40,50,0
4.828802798383447,1651,274,33,42,0
6.241663681970774,1651,275,32,42,0
5.217644995090822,1655,268,44,33,0
6.923104185544591,1643,276,31,50,0
6.0378786438177885,1672,250,36,42,0
5.967224493353972,1669,249,47,35,0
5.4193825805171425,1661,251,40,48,0
6.622203753564649,1673,239,41,47,0
6.248530739107495,1670,246,37,47,0
6.21572698846326,1683,229,49,39,0
6.041390088009596,1645,271,44,40,0
7.130607141630983,1626,276,40,58,0
4.866520925844734,1669,245,45,41,0
6.396838897032801,1647,261,49,43,0
4.987960591602083,1648,281,35,36,0
5.744654289975611,1632,278,50,40,0
5.719978636211521,1657,264,34,45,0
5.516082050759069,1663,252,40,45,0
5.584695089494975,1661,254,33,52,0
7.495232180761006,1630,258,46,66,0
6.417343615073953,1671,249,42,38,1
5.440077075228726,1624,277,49,50,0
5.087776069266554,1634,263,44,59,0
6.655857153219705,1634,278,42,46,0
5.3060889906851125,1656,247,43,54,0
5.620679868939455,1627,286,39,48,0
5.8726612831267,1647,258,49,46,0
4.466126654771026,1649,256,45,50,0
5.57252669565304,1653,263,39,45,0
5.776646715567431,1666,251,36,47,0
6.2012834888494766,1674,248,36,42,0
5.171538469896473,1680,233,44,43,0
6.622812334655022,1649,269,38,44,0
5.019939167311767,1623,291,41,45,0
4.871092451950941,1628,293,39,40,0
5.10535837655458,1674,249,45,32,0
5.141969436816515,1686,236,29,49,0
5.253130946274948,1685,226,41,48,0
5.551965475169325,1642,254,36,68,0
5.354245031790898,1664,262,38,36,0
4.976935333977339,1663,237,53,47,0
5.451295758617143,1621,288,38,53,0
6.771160111578255,1608,292,43,57,0
5.651985606396775,1652,247,46,55,0
7.011055532814158,1663,253,49,35,0
6.301410502397591,1682,230,42,46,0
4.987243573544401,1614,291,49,46,0
4.909105596864775,1643,261,48,48,0
5.603434526126891,1643,278,41,38,0
5.273749126410868,1645,273,42,40,1
5.426523818424019,1628,272,49,51,0
5.279954174389233,1649,263,39,49,0
6.190224357745045,1654,255,41,50,0
5.290721514317822,1640,272,47,41,0
6.4874184795442975,1636,262,42,60,0
5.4726797703837695,1668,253,44,35,0
6.301412711558569,1630,278,44,48,0
5.542847793650344,1652,263,48,37,0
5.469962183911346,1638,268,40,54,0
6.017050711789612,1621,284,48,47,0
6.353804893954884,1655,266,41,38,0
5.613661707437452,1653,272,34,41,0
6.072139951247685,1666,253,36,45,0
5.525851938796001,1653,251,48,48,0
5.241451376942887,1658,268,32,42,0
5.047651371820168,1678,240,50,32,0
6.024745847057171,1646,279,32,43,0
6.199451377276495,1641,254,63,42,0
7.856938148649266,1667,236,49,48,0
6.951067802446883,1638,273,41,48,0
5.939726790043989,1658,269,32,41,0
5.898281815516013,1638,274,44,44,0
6.698030130808372,1656,258,42,44,0
5.94586565915264,1628,290,38,44,0
5.249822817145328,1663,246,37,54,0
4.656250270781155,1664,243,50,43,0
5.282502008619925,1654,263,43,40,0
5.786079407582476,1657,248,44,51,0
4.9616145659852675,1645,265,41,49,0
6.275222412927421,1654,254,42,50,0
6.282550324178577,1667,256,37,40,0
6.327602655355711,1671,252,38,39,0
6.013022405411611,1654,257,36,53,0
5.807260894661174,1687,223,44,46,0
8.026850150198541,1674,249,34,43,0
6.152996985162338,1667,246,48,39,0
6.167363342182033,1619,286,50,45,0
6.150918877786933,1647,260,44,49,0
7.152244101710564,1642,282,46,30,0
5.452836185934099,1647,271,40,42,0
5.2544324366317365,1665,256,39,40,0
5.679014235633114,1650,277,38,35,0
4.88095065043272,1665,261,41,33,0
7.056781613912963,1629,291,28,52,0
6.181148500820605,1650,267,48,35,0
4.944786234679376,1648,275,37,40,0
5.676903304585377,1656,262,37,45,0
5.219369654090663,1654,257,46,43,0
5.226421110946044,1640,273,45,42,0
5.113417536382839,1674,244,40,42,0
5.141637849154504,1667,257,39,37,0
5.445852716439873,1635,270,49,46,0
6.745178900222599,1660,250,50,40,0
5.40459757357569,1661,255,45,39,0
6.3505269460791105,1612,278,46,64,0
6.115427827221833,1621,268,60,51,0
6.076533013555938,1636,277,42,45,0
5.985800244027361,1661,275,32,32,0
6.365185048942621,1644,256,54,46,0
5.913892474251387,1663,267,29,41,0
5.934310421158077,1646,263,46,45,0
5.0212147812044945,1644,277,39,40,0
5.361943426131974,1679,241,40,40,0
6.018544471407586,1658,259,38,45,0
5.459575719727725,1629,264,48,59,0
7.5763278145647694,1655,260,41,44,0
6.321622493658341,1650,268,50,32,0
5.41087554171692,1636,291,44,29,0
5.178519508032638,1662,258,40,40,0
6.3077732394933825,1661,258,43,38,0
5.736889209379835,1628,275,55,42,0
5.8393124732177615,1636,274,42,48,0
6.251496560995572,1670,244,44,42,0
6.447885835199184,1653,255,46,46,0
5.0730742803396565,1671,256,39,34,0
5.719360525382183,1621,282,42,55,0
5.5191466612155775,1675,249,38,38,0
5.6868705454412565,1656,250,48,46,0
5.822924790801629,1640,279,39,42,0
6.327092704543313,1674,260,27,39,0
7.43790239578498,1618,280,54,48,0
5.052460976125916,1643,261,43,53,0
4.658350291815583,1629,261,40,70,0
5.1549242647445865,1654,260,45,41,0
4.925863066686255,1649,265,34,52,0
6.5013501895588055,1645,249,53,53,0
5.498750452460696,1632,289,40,39,0
6.322264129285345,1636,268,52,44,0
5.93340491429701,1665,244,51,40,0
6.210516224428763,1657,250,44,49,0
5.88839893999015,1638,263,43,56,0
7.4251597463371874,1636,279,54,31,0
6.571787943955098,1663,269,34,34,0
6.9685661349699535,1657,256,41,46,0
5.706586319756678,1659,270,43,28,0
4.979220969282064,1667,245,44,44,0
4.711810125606231,1687,233,36,44,0
6.3850334639520145,1650,258,50,42,0
6.006848615191759,1662,248,57,33,0
5.88686370403451,1655,271,42,32,0
5.742476739986849,1650,260,48,42,0
5.040263008068182,1670,247,47,36,0
4.880485842911209,1634,291,37,38,0
6.240463287939315,1650,273,37,40,0
6.323404027093118,1646,280,42,32,0
5.836136241472568,1686,237,37,40,0
4.916434055058822,1674,250,39,37,0
5.043372365505694,1679,226,48,47,0
4.583585877434164,1645,250,52,53,0
6.959094415022023,1672,244,47,37,0
5.623001439757628,1636,273,40,51,0
8.298935972998686,1642,254,43,61,0
6.889606575141266,1635,283,36,46,0
4.612009891675501,1645,267,42,46,0
5.425144985865425,1669,250,38,43,0
6.224182263131247,1655,268,36,41,0
5.734443779994178,1638,282,41,39,0
5.705829274424592,1658,253,52,37,0
4.959544063452309,1643,269,37,51,0
5.608819622744416,1652,270,43,35,0
5.896130338435092,1656,261,46,37,0
5.713596077322797,1634,282,37,47,0
7.318526446469735,1671,243,41,45,0
5.401177155383577,1643,286,32,39,0
5.3646539750778315,1649,264,48,39,0
4.943667041515965,1663,251,35,51,0
4.6057147761633646,1664,257,38,41,0
5.1440817399063965,1659,271,38,32,0
5.453658652371731,1616,288,45,51,0
5.164267909485466,1664,238,52,46,0
5.49523220355886,1626,286,38,50,0
7.207992723237856,1658,267,40,35,0
5.4763420391916915,1663,260,44,33,0
7.425762711523177,1651,264,51,34,0
6.30990009599601,1630,295,31,44,0
4.419128999910048,1668,250,29,53,0
5.6641897181672025,1630,284,39,47,0
5.99915011870943,1653,263,37,47,0
6.982793385259984,1683,239,42,36,0
5.705160805641994,1636,265,56,43,0
5.836849666174583,1650,258,49,43,0
5.116652926905835,1670,255,36,39,0
5.5098189007311404,1675,253,40,32,0
6.08278645287143,1646,266,53,35,0
5.201999754396441,1657,261,36,46,0
4.803677510589579,1670,245,38,47,0
6.657927500446593,1680,242,42,36,0
6.59700708734419,1634,283,44,39,0
8.078972029482335,1639,259,49,53,0
5.636841813409749,1649,272,41,38,1
5.098858682457014,1637,272,39,52,0
5.119359193442582,1627,276,46,51,0
5.720575238098524,1672,238,45,45,0
5.317478654638829,1645,266,45,44,0
5.4123043651418605,1651,273,37,39,0
6.385643641447774,1631,284,41,44,0
5.285134487173121,1623,288,50,39,0
6.318886899667357,1655,266,48,31,0
7.15968683590892,1645,258,50,47,0
5.7625515545709645,1617,287,43,53,0
6.743672183117274,1647,266,50,37,0
5.7929703568894615,1638,266,52,44,0
6.5436612008140065,1650,257,40,53,0
6.331124876537132,1656,256,44,44,0
5.8841827589963325,1637,266,45,52,0
4.791112487180364,1664,251,42,43,0
5.735549160419117,1662,249,43,46,0
6.134181253185514,1659,252,42,47,0
5.3369415653412995,1629,271,46,54,0
5.288542867845769,1648,259,42,51,0
6.022152027024064,1652,265,43,40,0
