cycle_time
6.500039960943805
5.404186270375829
5.492489246421784
4.476543452934125
7.4200654438675135
5.852411530720908
5.694223601847586
5.957844928533856
5.214612455394982
5.273137812208381
5.00417550246526
6.580177947241484
5.801442258461646
5.206449829481979
5.255046703053938
4.919998248537611
9.240635873466527
5.212797286427796
6.938922365979111
6.010643057186111
5.683725732542781
5.52682904211651
6.0717010785098395
5.236442281983123
5.088004653704914
5.57575532333579
5.711637846131025
6.135952279446778
6.747588604176654
8.872407769633886
7.510467396135214
4.834639258647969
9.07483890189206
7.336464881350113
5.822277600468977
5.62019099842708
4.641130708383637
6.887367975896802
5.256574575478972
6.686664777656702
6.007346453455322
6.013062269824714
6.4715978990659115
5.450814082746769
4.343760351135683
8.795201361470973
5.197768228796942
6.117862323187274
6.961721904777424
5.564961416328695
5.855070653841106
5.2911032595405985
5.139092895324106
5.342720505496254
5.4783120159286165
5.875905633636437
5.681337128792474
5.660000367390556
5.54960464019957
4.8512347707441466
5.734726178903969
6.267141732783911
5.777121217309634
5.9848831084840395
7.257345874300746
6.176718232732546
6.612347997079381
7.161001971764529
5.052552539746655
5.150133638601758
5.787301239529329
5.297595057856916
6.270327985074218
6.063166727838709
5.611874037677022
5.2096975005676756
5.7997088608712035
7.784256412611288
5.431999923254524
6.226462882949451
6.183112611428019
5.155353750973145
5.9603385056273614
6.657181030700902
5.60298400100862
6.941428705357462
6.109289370252789
4.694939390448304
6.688750845391728
5.433523411873397
6.878600442856372
6.359427305472792
6.201593829549102
5.843191407130815
7.736564212165044
5.182806792713771
4.725802944737149
4.611826991769601
5.79868247763504
6.632228539558007
5.6061986800313095
5.179697735408074
5.008930925915268
6.172257116686406
5.399650290038405
5.602396905279801
6.6200317411814265
8.284925335053817
6.3877696417875445
5.924530295881337
5.602016693656453
7.293997624008435
6.15045445267545
5.412959679618141
5.246240686951532
5.967982816579887
5.796617554372234
6.937973315022853
5.6289577537235225
6.339164858453229
6.195502266793456
5.870225189978492
6.434372530579609
5.411981092358519
5.341034264731738
7.05322341631196
5.44001564339242
6.147693781699963
6.112669175878298
5.926701115334921
5.150266641776197
6.915291443051593
5.456305109543624
6.9034400294345115
5.060842710943478
5.206308868266759
5.393352089699
5.351927354806498
4.98976603307555
5.346501923694265
6.457106754703768
5.575147743001986
5.909870685464132
4.921968336800723
5.199157376565859
5.314753278428633
6.348428786558777
6.256005008075682
5.443605171535832
5.205341864162104
7.425545123490375
5.787752506864192
5.635924337442849
5.509899546158793
6.352644514424774
5.50912050391155
5.366266433559712
5.852822904462105
6.386437958444717
8.021493595175434
6.397620371599854
5.4948683252412
6.365266591048025
5.555502072240967
7.634696524411596
4.949221441080639
6.787517308931059
4.849479175266181
5.812563453771492
6.9238918692515306
5.3157890800916485
4.570469885394389
5.173235144104794
5.861099231907368
5.995774864906823
9.88129378126428
4.957119652108401
5.703746521914228
5.918520377601417
6.806158686054995
4.531639231993827
5.607287705002635
6.565357073906512
6.4307591689163655
5.499399390915207
6.443436497496541
4.5244996970775135
6.673634553971887
5.800821198367674
6.64967007660666
5.417485590401322
6.065375599689715
6.508284931914262
5.920528926191272
6.979692946118756
6.913024044304471
6.262283464894443
4.959972844278078
6.479088941124484
6.2094134715293094
6.338777872166363
4.846484183042167
6.360583668440566
6.173565292172048
5.646233382166911
4.690142130772792
5.542549738966463
5.375433579893262
5.353776790139309
5.1676597441754755
5.865844802980638
5.877285303049182
6.701224660894071
6.536433090294695
5.623875733941834
6.281163881479985
6.533118620023217
5.873051940361163
5.8392554479168695
5.028844443935556
6.625070932753127
7.388302723196494
8.054475012405236
6.095986083562341
5.612382149441815
6.361610085883623
6.218078410199073
5.663435170517077
4.565797802377712
6.193818099235788
6.4656569719233605
5.555932895180156
5.270552548093252
6.571944270172557
5.877920957647936
5.302413703173061
5.654014224994281
6.246481294563221
6.523167002725624
5.856206009545566
7.468435156345973
5.0240464334795005
6.328748807030629
5.792637676587435
5.7758729685496
5.693162279656364
5.442415368563698
5.078370578499128
7.125411789629115
6.242469351803489
5.238112752058214
6.431397193764375
5.798023711932325
4.643920637551572
5.78969489903283
5.406088859022771
5.138429039460999
5.356564038271797
6.283169322085039
5.685009825349121
5.883319020957067
6.33478754905301
6.008281378276486
5.657809876842456
5.678446657395267
5.5131834390686505
5.506177224925494
6.152296264530315
5.640152231248188
6.662072071917996
4.92355669790527
4.663364689127957
7.527588053011863
4.733916916389086
5.499505333323432
5.598178283957314
4.821153253456015
5.336539039569715
4.864278704420777
5.3619706501225455
4.5047059507579945
5.745122509163748
6.551407803915942
6.35881116269084
5.936939453823774
5.165846309882484
4.938097175116996
5.827735801315349
5.74191647979598
4.891343516344859
6.845458754665246
5.380377054277978
4.9417373067038195
4.5590887250948535
5.185989083923924
5.026369686241957
4.908854454660059
6.711894936030373
6.682232658666306
5.344626541325637
