cycle_time
5.022871297042315
5.715675218412142
5.163922372877818
5.640684820923686
6.813227264637196
6.012669996635473
5.28020519696269
5.824237515184311
6.652103979305597
5.921781938648832
6.1423823465172545
7.332973998953059
5.689538602579829
6.0276364045476605
6.687547844371667
6.413968223147723
6.24249710195785
5.720836452859254
5.872885447177684
5.877986064470683
6.219011796317695
6.668541403989725
4.621997297222481
6.0150180433915885
5.991196368946693
5.283858435221716
5.873062281154133
5.076407974099417
5.171690366951855
4.784806065448267
5.90532431485186
5.880233059906383
6.002657409090245
6.1417647883721305
4.93847105376534
7.957977292686291
4.817097712283002
6.461362951707578
5.804063840401912
6.227462623309959
6.605681535868328
6.086933946190719
6.7939222244785
5.1713701014809885
5.412414114820954
6.097746864538952
6.096547597351455
5.116911658180255
5.569764740111666
5.444609990231165
6.327215450187461
5.465135758570866
7.31703642600569
6.304167325124843
5.494426227509956
6.470959450100251
5.046591723943184
5.568903275412356
5.192114939080557
7.953535721436956
5.354956559705764
5.699326500184754
5.7281854102443415
5.901720111599451
5.35765463188172
5.589472472979015
7.12637659348294
5.653119310752728
5.608628474382197
5.617682687183327
5.872820392299826
6.32799731167895
5.5807280351923945
6.052952226711305
5.950205756169835
5.4445817928884885
5.795190058968488
9.01094644866439
5.4295642408554565
5.459496961869877
7.483169487176905
4.6657831291637475
6.218675053427855
5.618416367875731
6.010570184157796
5.453224622822583
4.805855077592353
5.993782669433705
6.556386218236592
4.930187304089199
6.591601121006385
5.8746978952991356
6.0387271292809634
7.280230837602096
6.5743669594171275
6.0741127469939435
4.755925143620432
6.243823532043409
5.585424111276036
5.990251252863275
6.878031143336934
5.883649820452377
5.810850351823296
5.7781150303311914
5.3098850849668615
5.855692594431038
5.391343970234264
7.375624832525412
5.49866412511579
5.624618319992052
5.934380952993768
6.521348482139442
7.666225344031297
4.992759525796463
5.534138918706464
5.44800849888779
7.504300701700402
5.193389641474329
5.711354623528571
4.8946633432820965
7.68474512608201
6.121065630402336
5.819715823415957
5.525873518250141
5.9413752823603225
5.379242423992421
5.1178823549431165
5.815193802242626
5.049174798114086
5.503952120232051
6.75648643459136
6.337855853936102
5.538772512714099
5.620847832391133
6.023465016349202
6.002589826886505
6.989181985980055
6.0277795118154325
5.98685090770026
6.183098214168378
5.571615892387518
5.855982807619801
6.052552864832953
5.315315964027794
5.715116569485548
5.119932840695489
6.0193538287589305
5.965206724503887
8.074157607731218
5.519130233544617
4.399247989281279
6.88465932129709
7.108606417386722
6.294480117708458
6.06369974699533
6.1776621300606935
5.355351399565206
5.961544026639353
5.7685780182898565
5.689974680493437
5.906412749356834
5.001049180537048
4.79256619856171
6.344529278460114
6.149924593981578
5.260476248791853
5.758704731485096
5.672338749430038
7.072669275303783
6.222061919347067
7.333105627347228
7.497195441228758
7.009743729563885
5.752806809643628
7.163440400682176
6.3347388839481225
4.968425790922176
5.982125577940215
5.045639642517132
5.411967064771588
5.100736947290883
5.278940513141955
6.252284289311213
9.786503471140602
5.38486565408435
6.635615331462964
7.125515791458939
5.651388099297573
5.145987423329559
5.122138746504096
5.128959879841304
5.981354554279243
5.341268088039854
5.572316467347813
5.513753572911523
6.568315241002566
5.874491317192871
5.739715095761847
5.681418904063823
7.49829994262595
6.396241723803551
5.12276827223057
6.313779055449913
6.073990709653404
6.836575209000043
5.82165457727051
4.928310523939592
6.2877440339239055
6.949927879903608
4.619095730697886
4.673797221905311
6.029397007189147
5.930184634842185
5.664042012166093
5.88568793835337
9.542590409761848
4.758474617300473
6.025144453366924
5.957323192664867
5.606014058500914
5.512605212743475
4.916438799975507
6.860326896348912
4.960289138732599
4.924524566553933
5.82361430037766
5.267721021144408
6.159960012023969
7.979173299510377
5.070081954847366
5.867229265489032
5.602829753333569
5.647955283602021
5.135300577880455
5.5303919228145055
6.353181993325836
5.9895287081243
5.5313550184355025
5.834558047625563
5.574000157017615
5.106911654830328
5.056931598033823
5.272738539104297
5.676575850088479
5.274662705624535
5.819995323880668
4.916523414528811
7.238901054042019
5.812341481303862
5.469566529258669
7.2994661876836515
5.761578878952498
5.96893943638473
5.461168493450444
5.829310691009438
5.4222545874529375
5.381791604603318
7.070248441139123
5.910073343268933
6.365990192012408
6.575427642579039
5.065481548755113
5.899856563842281
6.094038019818128
5.96541413016704
4.662183528222182
5.994516094192253
5.479631683159428
6.335834798994217
6.517413065843498
5.637701163446115
5.182653341739532
5.280090404847088
5.889795618317186
5.695474417823662
5.522117831855622
6.340349841346288
5.485783242424012
5.741491100158985
6.075671684610194
4.612366526863193
5.860182479994546
5.499110119036271
6.3491473673004375
6.13571532614283
5.798894155669597
4.972773564199194
6.36274749613954
6.253946533222998
5.221059748323437
6.596402821992897
6.194016252610149
6.749702127648537
5.82329370010364
7.289210092621727
5.677009852526362
4.434099474656947
5.234386963883679
6.347360121731747
5.842546515759071
