cycle_time
7.068732442712845
5.569604661400091
6.756831458924467
6.454449724153258
4.965360923559496
5.566481597517918
6.097506569391679
5.357305726747624
5.257648313426651
5.8027154925494
7.10868936726385
6.970672607307198
6.190524337529215
5.299848237591476
5.576996114849562
6.224537382431349
6.371265680839917
5.6053096334168355
8.11964723387011
6.25497994714511
5.836395352298998
5.163971525444945
6.68778242116816
6.874297092399524
6.407039766962268
5.09596211521337
4.720271517809989
5.262402731086738
5.423924300107846
5.48064917740954
5.64605762279699
5.853209645289661
6.485572182632837
5.473551277908601
5.432634051235723
6.096047716482718
5.182023708127317
5.622741360753589
5.281245020133261
5.253037171361809
6.341699320871405
6.398070715534762
5.467948552101151
5.444341159047448
6.879689956069407
5.809354887890873
5.183544682860915
6.027745918438436
5.778723779821943
5.450851602663796
5.901396122784556
5.619635196680568
5.894370012733268
6.656426973669101
6.705272713968811
4.692153149495933
6.447445761810721
5.652305918366631
6.926852514553875
5.69629035966714
5.693282623733778
7.0413284097631434
5.995139654434174
6.122028569015977
5.323034081456998
6.165172564508588
5.494688013375458
5.413592522905221
5.497220822797948
5.405571751296839
5.723388815947238
6.209456901080344
7.8023098542728375
6.599717854178569
5.710308224565899
6.36847176185986
5.551907133370436
5.303341244976166
5.9566814738521225
6.518363808344765
4.9400900279720465
4.4988182022717815
5.7451192791577315
5.967714638783595
5.467965161847564
5.26796188271537
5.914811075349433
5.492658970320865
6.637671142714655
4.9505402299395245
5.64456533229882
6.449329724294553
7.791954904057769
6.134371010769843
7.915592302628656
5.983965875372589
5.504683229402215
6.233992458583927
6.703246818952255
5.189193148549806
6.245303837434697
5.321539229623828
5.150282296112959
5.83376815397254
5.2803427925916955
5.358579012729303
5.379179411689916
6.763293604794355
5.6533032365952
5.378525793851421
6.288225737062803
6.401526666949293
5.837198851678563
5.548156030339603
6.732210605918065
6.116596674752431
6.814224288737122
6.26290286249794
6.506305323510706
5.272914076543882
5.6797056410239914
5.97137337420297
5.656296705980167
5.01263311859385
5.116971562123862
5.603850240419694
5.3820014576961475
6.009912839902948
5.426669126507634
5.011014085133152
7.241334686708649
7.180314493833789
4.933606915478832
6.09744680170379
5.534890076232187
5.783328510534062
5.043991293974618
5.37177877381331
6.232874319903316
5.98255497905968
5.499448912948823
4.804530351976432
6.211371915816508
5.671160767038356
6.6804111460490585
6.38790701663085
5.950146790349251
5.1182772939146375
4.849550571647944
6.824120422380789
6.223923468084401
5.669195294017028
5.311497105243124
5.606521502516272
5.931438661637646
5.483826089967043
5.3883639230076215
6.012996817385453
6.129958589583823
5.988511950515441
5.5135288231198345
5.522457560364429
6.96074171872493
4.823071512741825
6.998134203829489
5.816513645317774
5.499122661518391
6.477099149033261
5.026109818090276
5.693226516606115
8.10275098508776
7.436358820363164
5.687915640274789
5.601007426115653
6.791830260797984
6.824314228613644
5.8365840948745165
7.323780013011582
6.592536838525238
8.651396315482176
5.9471789823632575
5.4261373362129355
7.174518168940996
5.883829458599949
6.933093713427269
5.882696554486039
6.6024083963348055
5.072567008414171
5.661694053298993
5.493526712503927
5.522110666510453
5.216440968856123
4.6381565699362675
5.805443067087811
5.85414333776105
5.320151482763954
5.691867167779558
5.710493629110121
4.933511588528516
5.084406199545415
5.5488997614799125
5.00711347159348
6.064728042499177
5.540405902008088
4.900162833781512
6.133688751416418
7.6427444039213315
5.004675095373488
6.082831208887348
6.4025267711574925
5.14673879244058
6.110187341306281
7.1544016007299405
7.5386976470743505
7.117147807879409
6.542704352967211
5.936596068471456
5.376037156535088
4.876309333397536
6.116074423481699
6.067140186874957
5.090697083037913
6.2672042333223565
4.9508829171358615
5.920142103949046
5.7060696895550125
6.545085141834413
6.020835293748301
5.3054503744593156
6.780877973371146
5.4878951516943255
6.160236684557325
6.245964837357515
4.930551791231874
5.581224375224441
6.61840563726905
6.641962741812132
5.940810711459292
4.650718976184112
5.311856062457822
6.028657424535882
5.760725509928812
5.31510797663842
5.610278341636599
5.579775176335081
5.792528165574946
4.9557832145465905
5.566995239512397
6.221144669202977
5.406426541539454
5.728768956222159
4.9734557074766
6.481338177281807
6.682735342690816
5.832084398771463
5.457422620135099
5.952287523938681
5.214914446139661
5.8219204321351015
6.060439476892896
5.488078483944912
5.467240932092442
6.262477266090802
5.6879676301549384
5.49917565742202
5.793023563961406
6.634326301463435
8.782767859403569
7.042383820032556
5.423445050748282
5.415887353787658
5.115740143294922
5.389191112223552
7.468573925386639
5.070444908066532
6.463336816112325
6.409033849744115
5.648284367441158
6.026390087229765
5.695156837938615
4.931086583921286
7.325719069883729
5.957303493006515
5.52732182563023
7.451184051526508
5.9805984754215205
6.10696672741577
4.741335952697477
6.00536087260916
6.91644198955668
6.431482868200913
5.141855010634967
5.242449304103037
5.9626023369206775
6.028499511648173
6.122039875046692
7.2153010233753125
4.7075196462642985
5.024720549808743
5.278645691395559
