cycle_time
5.85392526710126
6.31901407421211
6.084494966726248
5.731853499942141
5.79284320700157
6.020253526889761
6.191791540554134
6.470244221412798
5.536856121292972
6.379371041370271
5.401671651139959
5.0178772025117375
6.28483657396842
5.949227038744009
5.8772382198571185
5.169924662870193
5.24790673436948
5.589312813140671
6.253680082678064
5.746122366352236
7.143922808665072
5.262297330666241
5.405430412356847
7.562339332154958
4.987657648780894
7.502670363541907
6.163470523623916
6.6245790083032565
5.748376506563504
5.667838785322771
6.628723107536708
4.889941101073019
5.636704011806384
6.465948462502028
6.008724109174201
5.843970364285739
5.495710048038192
4.749249315804014
6.458231771215516
4.880091459946278
5.780842736951404
5.8513924638075165
6.108243402555298
7.234629777439574
5.684606327758217
5.8387643493542365
5.726788979097215
4.779501488881904
6.1782636046336545
6.0775193774584215
6.516086346755444
5.913929051845978
6.046997494459725
6.25776223453318
5.782412519888829
5.78416027227569
6.285190995403684
4.937012246244628
6.048453078558879
5.7776780134691705
6.257364713670548
5.879005391949239
6.082437703819203
4.721750749824938
5.791398363874684
4.7784076757324625
5.278988708905938
5.661522555126841
6.508319044230361
5.578719018685771
5.526757345231485
6.465321509259358
5.980599615621239
5.088894232957099
6.064317378717719
4.994135813483046
6.631738002084728
5.18905801415062
6.128476013351391
7.191434442000867
5.316207255435048
5.294469880780875
6.516712425264443
5.388285088886157
6.434307390932423
6.201421471193259
7.065112024031183
5.715586787509399
5.941381314950551
5.5898685549079685
6.725242891150425
5.234234008597892
6.033001765302509
6.303978889284633
5.950108787101045
5.222675964879642
6.185914622404026
5.267310741651354
5.92684493031425
5.532993529682384
5.84966059085496
5.645258683164262
6.413169833334199
5.632773344533442
6.204504145254871
5.282882989665085
6.615411461170589
6.3500448072815745
7.64479998573602
7.773140425606686
5.324772659119565
5.810446822844131
5.089902713151832
4.786348412500129
5.9740981942065154
5.579240123089204
5.453989932278573
6.1644390575723795
6.328745958286116
5.555047400770274
6.061356626537392
4.782630275620691
6.875327037387971
7.193514987779592
5.1161686736297005
4.989753330822423
5.115767258443573
4.850803525377735
5.6137244208072525
5.2294930294845345
5.771825287911438
4.987797949369693
6.368638664937357
5.143801394902653
5.656321980008237
5.285937529525879
5.58002347895286
5.519221738365706
5.99223722597345
6.860156982902555
4.866195032317933
7.173659089356562
5.870401214366701
5.645751078730769
5.242857401754732
6.546058628524653
5.94535358405626
5.785541771728252
7.244335624764352
5.4764566322411135
6.11018493005553
5.447349378387365
5.067979965803769
5.18716965569481
5.478429194770166
7.822935042283275
5.319010565416667
5.405131991034551
6.2709119653709875
4.868018997572494
5.947068240949173
6.0282801748338875
6.29524560225866
5.222218717113586
5.522512622251205
5.452617097581823
5.567766433477871
6.248578528788587
5.203971072789243
5.1728166668990445
6.381056815244565
7.119646759431509
5.003787390255921
5.549470242761509
5.45782038773875
5.8432745899551675
6.234365515131107
7.150439659964493
5.860028564367595
5.932722326797058
5.368530417424349
4.90677180019574
5.3949107457049505
5.58021779493867
4.941211713757082
4.548605283745496
5.3939346256122125
6.236238030161133
4.7974121473122775
6.089512555712466
6.274881994315383
6.609411858485668
5.687021363083619
6.745244945127133
7.127353758343959
6.0368710676999795
6.032777238145202
5.759686470683972
5.936509315066352
5.450041626815143
4.776831406491892
5.284656216827221
5.038524633028724
5.9861777352238175
4.8743287328184275
6.1959714279659455
6.268937744320096
6.198367459828157
6.456835686600239
6.037056034351346
5.701042498218195
5.5203268098449305
5.641631214916821
6.339870676116417
5.136206698785382
5.16198195100275
5.601704027285957
6.668110967204988
6.88035164386155
5.891921331838364
6.342417787418388
6.294013521168187
6.564453130094847
4.964217063335922
4.539352287508139
4.688571400178652
7.696709031030492
4.645323465494854
7.222887454695375
7.633079568267578
6.333218411221161
5.281240849940622
5.193305901284615
7.462592668298287
5.600161424939737
6.527859142561058
5.740704072155378
5.571689540710049
6.176283122758733
5.779996451581646
6.0958393378283855
6.037263477239589
6.078798331111022
6.50173549017461
5.718881753890911
5.216392737650254
6.980272059616423
4.765621424704735
5.937206458324996
6.135310548383791
6.287092983677556
5.632286333071875
5.478411790634467
7.542499397655693
6.115653634857013
4.50525290153663
5.454944185532476
6.515616485070697
5.0328391212453925
5.7199460506147926
5.740941431630359
5.328271011222014
4.906005160389795
5.116994151346651
6.0939898369996195
5.796613396274026
6.297422082519808
5.920848729900461
6.499077936514636
5.736003911549974
5.865517534125794
6.147617901506883
5.4239936167891285
5.3019693552732585
5.364139610588227
5.06827247641374
5.879344192993897
5.795403502493751
5.7263101858707515
5.8608731962716565
5.362115709659929
4.977697905694436
4.975691253162335
5.153268771723413
5.565699681341768
7.010897348757094
5.063756904470923
5.1005041711346575
5.123044952993405
5.622853863893386
4.904379881853608
5.040792056345463
5.316672102233531
5.065866302798111
5.263167229233307
5.528685867158239
5.682552205242582
5.112224407328966
6.516430827067064
4.610689203199605
