cycle_time
7.926823724313535
7.372784171776647
5.690581404708085
5.40308735914496
6.022050501153889
7.478816908610648
6.791589814097367
6.769090165040326
7.0219761517002315
6.805590170235544
6.401737640692502
8.215143296626065
5.904762715790428
7.9812448165762735
6.310132257026825
7.428980843244218
6.538163419649034
6.686942584321742
5.644073924978109
6.261196997531264
6.115386183570622
7.213763168832745
8.889627228516932
7.300132769518586
6.061947008293008
5.341243840150587
5.991595398709212
6.176876435089025
7.234046952184424
7.22495317764577
6.392921452714219
5.7375756296260825
7.5027219994401
7.306630481314693
7.485450969820521
7.497843728103621
7.104094713985193
6.281534380112582
6.655879807751428
5.143277094341863
6.3383738159251255
5.708958239728804
6.315059902813214
6.579160375473844
5.855657783483392
5.899858311588795
6.4751704994178105
5.9454290449767
6.147123783631504
6.399731971168286
6.580816632452869
5.7673297464568485
6.49372298293985
7.526192678174308
5.9502552323739675
8.676641242557752
7.848507804720628
5.99745134483206
6.64444671068649
9.497495745801846
6.320453690483954
6.438374871821633
5.970156622126091
6.601165283500567
6.853321204498981
6.328985619532773
6.558144378086998
8.1082163138371
6.921802294516874
5.041591690015008
5.985638129884821
6.328705277078999
5.122813220187264
7.121599661273648
6.172373001785184
6.270053992087101
6.637648348305179
5.455420809874503
7.2897751606231305
6.886981347589583
7.414401987088037
6.434075917146456
6.640197209918798
6.655950312319473
8.049485342614656
5.662034535709417
5.54344696071781
5.300080644255179
6.642845983725275
5.534740648496905
8.301824717965856
6.305377471574813
7.055589781980673
6.03065861173815
7.924329082512947
5.989634583779247
4.930556310971969
6.231449066074279
5.613449871672877
8.45384365225064
7.20271818333433
6.698914129957687
7.357363807745528
6.781865570944564
6.248501482582187
8.415451180625915
5.386470700834163
5.785725604689364
5.567241279578035
6.473987655331476
6.879770158565275
9.4025356750646
5.768460922973013
8.027159991090887
4.962261448015885
6.806417155699695
5.648900872505584
5.802288354812912
5.803162419687708
9.889227167315466
6.840364809600525
6.707098974443082
7.506426178411608
5.506385131045927
6.398856217912654
6.690249771562328
10.765962706876564
5.643290193604534
7.223371712796984
8.771261304707513
6.2100097460940145
8.382942551841495
6.02717428868522
7.336637936628216
5.600618581486238
7.067651493412945
5.762815148933957
5.310038964088912
5.537402577161
7.47106922997162
6.317635173319439
5.79279247202697
6.036230717016817
6.502300044259257
5.58863402040903
7.561934173667466
6.880521565260655
5.52241754419384
5.771793875179615
8.507902254160715
5.233327193392933
6.141960744731733
6.11943735808741
8.220918742829983
9.31154727946044
5.890458874762806
7.840206769337093
5.243848176429403
6.673341674250234
6.158648033252598
7.98379950396983
6.227553726431271
5.818104851101391
7.926265308311204
6.102169392808607
7.244784985124286
6.2311823217725895
6.051243480770183
6.875627644201494
5.825464837181497
7.301261840978745
6.186252825655078
6.218766529914184
5.805714889406944
8.79236679497558
4.888092358548377
5.906396493963434
6.2521696108787115
7.634791721932789
5.84852279551202
6.042806331836732
8.447664033410993
6.528347221203704
7.709256897210841
6.1303018333014
6.5129075655553885
6.222989976330003
5.578789458162893
5.779452579554274
5.889790202286362
6.799045085230891
5.8561768740987565
7.738785933723565
7.594236374431189
8.316797171936356
7.197291028849472
8.29866713738684
6.805267160786131
7.601484427219537
5.519410540505409
6.1296609666304285
5.384368843823342
10.913391088028582
5.8733365045655335
6.897561545608375
6.5167453369682535
6.778543698632514
6.023184073530813
5.465745236026885
5.266383399252367
6.994175980546869
6.650177364234077
6.235687729271857
5.8072546068087805
7.717781940235835
6.165239050809148
6.580334964388856
6.249252100328716
6.756101009342618
6.0960893492300485
7.01960816461518
6.279237325543311
5.013248655854316
6.000558736015778
7.977788486073933
7.831255621045634
9.016081531500037
5.824901828056665
6.280340984477823
6.67064984639401
7.234668542629639
7.58456347572872
6.603564861523397
6.0989095497454615
7.062479023352357
6.894511080033307
5.9907489503240585
5.882231606605079
6.218731223783549
6.880084174082222
8.192910547091524
5.35519340684058
6.584019262298558
7.84362197555514
5.579864742470934
5.117030023820835
5.845257558039003
6.163101792589081
5.8970518797331595
5.762539319729107
4.93495265869514
6.95840524102012
5.900163254413129
6.897830672605134
6.1356745749076955
6.3286357589267235
5.445098951510106
7.371089243997021
6.102456829134773
9.13735318114878
6.965281472644002
8.097227188915046
5.221378799775708
6.797594675424259
7.186358000848477
6.520732255363257
6.3115939509208765
6.470202872282994
6.079249108458491
5.270256637034382
5.960768941846267
7.094712972290396
6.077379997273286
6.937931823845499
7.47972364077608
5.721907472051385
5.902489144393593
6.028684182494061
7.270103976795594
6.283051413259924
5.070650729981015
5.884882779291484
6.345325860627664
5.162165980111835
6.343020097940778
5.9077326570121
5.962578808168366
6.794476501989811
6.011036976517209
6.912608462694437
5.277156985010048
7.0805048074079195
7.8837190498575875
6.487718810756739
7.326449745298343
5.959813806052199
6.174926759482896
5.621578440190218
6.695250649546987
6.451493024095572
