cycle_time
19.854407867561044
20.834879778495072
14.21995403732112
44.35849054200261
35.59803801571286
14.548559456450512
14.571304047596344
20.996521492709395
18.389663590333484
16.379969833633854
15.764970372022765
15.212089402579501
20.396504119354205
22.556292858981287
15.92417590754252
19.373469376434794
11.831316188546866
13.81949182391563
26.708488893954357
17.35563073579523
20.387318325624996
14.966392752750128
26.148432454002684
19.823837218557397
14.098881306552713
20.729305053382706
18.8392952929139
15.877685273100711
20.613456935894916
23.021697332153973
13.496027605044642
26.141380129073973
21.282694090075392
20.108139469274224
21.758828529525204
20.767283179207794
15.436095524914773
23.86399146443734
21.867617723930145
24.000845257235962
17.02680280030087
20.506150040139307
15.840241224746654
23.909151349947944
21.13718389596248
17.158308716719898
29.2596374596776
30.54183073232607
16.576315810768623
20.2527561838423
20.536053670670263
15.224776155278587
25.15309039143593
17.34193875016469
29.588563869080478
22.9891959113964
19.025405671429837
15.473511417638784
21.764686327894434
22.006970412575726
18.43174353662923
16.074139204088087
21.911228802750724
13.098634864196118
16.039540792054655
18.093812715602873
22.767773025436405
17.752570151692886
35.192547893724175
14.720336684385414
23.326195770440837
19.05602735804907
18.505104282936692
14.192362381316466
12.568773963303077
18.910789067025828
27.382294276692242
17.721762042292724
18.109906406271616
14.222240316958516
15.899777847457669
29.06996872197893
22.20349421854198
15.119155730154098
17.773276303031135
17.117813844792675
25.603614494425095
26.12406753042732
19.112236136044608
19.65942843273396
17.39086108560405
34.444119658588434
24.85058370530844
16.652622278829813
17.99985446920268
19.073567175051306
19.500403922794987
16.269131783392968
19.77623116173766
21.47336994612731
15.48878379417237
21.396444639794908
15.082060417336912
15.036016064170873
15.830764106672863
16.93364591076839
16.49874593458264
15.951133684449506
17.112904739913873
16.656388048312806
15.398011615144819
24.456812649770157
26.897390004817023
15.47448381275913
12.817954383096254
21.730333131547702
14.11988228281812
14.353134145071502
15.981116625267651
25.330426978069056
20.27271225133288
22.489732137304678
20.002053504882028
20.780777612382195
17.118079396170355
18.837541378458415
18.727575701821145
23.695824338175832
17.18994802947279
18.695564130296944
18.213274153822944
29.469027384489188
14.341141180744645
31.373442026291347
25.80940138120733
13.80076510998983
20.505854625356747
16.590398892160774
15.341503928414
23.366458526516297
21.12690563394773
30.108969764633983
27.29785851600478
17.46208667198657
17.40481884772596
24.53985890861915
12.846244887450844
24.69623504629597
25.994682474546423
15.382127498168058
18.139362306024
17.84171485137633
18.23914216608347
17.188997498386342
25.23245603257846
25.22690833471352
17.142684746553993
18.5337544179532
21.331540139272118
21.97848262893101
17.239665474732515
16.590460240560795
17.23304826821415
18.1583848729056
17.051961463965625
14.89016540794932
14.49602946185917
12.094475724530954
18.88846551245572
21.60745213846484
28.655576027458743
19.737387701546318
17.497381106782065
17.20061906276307
26.186843980102342
13.48291654325577
16.20102611410788
20.20668110405995
19.194628522296558
13.906929600330017
18.89631554877993
46.979943658037215
19.292599597536064
15.739681471701441
17.565464666568634
14.472094414211588
12.059077969077864
15.470864933015575
20.866030260724354
13.824651964089032
13.175218962091172
21.496082967433882
17.637925367810332
18.45394863680898
21.88255375904366
22.22221518548703
22.528145633967554
19.5477562966975
20.84484267341809
30.279828248044407
28.276787161765508
22.066236697593588
23.433344014223852
14.495967381436866
16.903321890679823
16.76276822654793
15.374263270314952
23.872835390549685
23.750751478634278
22.928235103772344
17.81295390060394
17.04342342219745
14.117102805562597
28.556716270011343
24.090648531133535
12.830363788087068
22.183321350154735
32.93493577279531
12.715671665692444
12.899613649988275
22.163287247697816
19.311983739927456
17.20922234018114
22.80390934460814
17.381810666040927
14.174009143540886
16.234345521780835
16.15454493373287
20.454978085403972
31.423069004740757
19.94062785466467
21.019477032451224
25.614835307648224
13.604307290315544
30.24534660121278
12.977614185598695
14.897171828106178
19.590870780784687
12.966155281731526
16.304707321645516
16.707563839119757
20.80020223035744
19.572799598973397
12.65767831585955
15.988898568284538
16.96632674937896
18.35106574621343
13.784336304705247
13.05618103336398
36.4671000587442
21.54480903719799
14.503160018406351
18.704967579684443
16.190095509090316
41.94827991337978
27.82948841613048
12.793552848673384
23.40050363668203
14.116597393056368
15.042885795093223
16.696735308488392
19.387265335397437
20.80807437286324
17.910848820131765
19.90331671415718
17.11291815751498
16.874393480720112
22.395265060048988
20.233249801917673
17.147610017527555
21.007295383018374
13.277008211810491
18.022651877967814
24.66905106592695
15.474251207701174
19.762325302859242
16.3909081114458
25.870927654157313
24.398379316998376
14.445894551354524
20.09636638892728
23.032309680814414
26.603505790415056
17.24779462870162
22.50725006340435
20.868549068254676
16.969334152591937
23.60746711485173
14.701575555237183
26.234342831910443
20.69057175334897
19.651220986706427
17.57707957005575
13.102329133559415
23.051298653276415
15.836554252156091
13.333038004862651
25.287722261457922
17.1363678215006
18.79632602115449
