cycle_time
51.87793338455347
25.099576705884886
25.273316269963658
30.928133854463958
129.16431261325366
50.31132854617985
39.94830487393104
30.297599047988083
39.89549869254572
33.44875167557739
19.30320940612498
26.713744169180643
24.842095912008723
36.608305405923105
71.4941565892154
21.461936567841907
21.947765637959026
42.155479838739936
26.46206301791619
49.35272999702855
38.36234647202142
26.42715729835525
40.52272659281552
40.86066425653792
21.215695386315016
19.818018369327984
20.892419776843823
32.234210275828985
17.78284645913051
33.149156780637405
28.06902091580649
39.838871438659666
28.7416685447563
20.054836713052946
36.02006125904812
21.407576639658878
22.122068478247378
32.449380049223386
16.724341059536513
27.28730099955916
19.19172049197231
28.267003500183044
41.86516640744117
30.368949860021072
25.333211170793273
68.12577968557038
21.466846488296085
23.37673398239718
28.371286679368392
26.258180446703633
29.784104484375806
28.833524192177453
16.5106285772129
30.906326573494734
66.50013330688546
36.11426241352821
36.08268901978172
27.66573416666465
34.50612306866473
23.06477865203505
37.922621782237464
30.75253168382289
46.32998654150222
22.382996954688263
31.727217158823258
42.03208854262761
27.272835074331063
30.161865115442254
31.98315821529926
24.81746104277016
28.069805421927054
21.742234988620844
39.97567068120872
45.86960714285891
28.00068889455427
28.228860349237493
45.03373134627373
26.31689597715472
21.543163401316157
26.955865181285613
27.831668324217475
60.09661735398866
65.94797591869526
33.61301229636317
27.020937289255393
82.02981755385623
21.11318082062034
25.804908940127056
22.733136380451235
39.60241745317017
21.38978263729311
46.62750696963282
74.98475376736592
20.385634221168058
27.379971486956528
30.95941213571831
16.846860834267353
23.057162654541997
18.547796542074977
21.58277395915118
68.65280045036191
21.476879264205518
39.631939130613794
45.62826530428753
37.10171716471442
63.03307653732023
19.95824235546544
29.80052864013984
24.559389259522703
18.57555970460997
19.602677546690856
35.725947207014784
29.330671086111
24.74071914781341
20.46822178732984
20.842089598903133
48.23787655551896
37.690068723474795
22.310988383402808
55.25102899773315
30.352855552042026
43.78901168832732
45.628914472005086
15.67216464365761
45.188916819180115
54.08479497561373
21.55130544079281
21.764135892776174
41.15108878703745
40.475449516215
33.368668611181036
32.237861430647534
24.3502639429752
36.04786926415574
35.26831114050445
16.2292764301948
61.1765609944412
64.07304147268178
47.63278821356416
30.238413188894423
23.838037127942368
20.957508611679373
43.89513191761621
25.927939426483388
36.88375102603429
25.75558678696383
25.75201495687302
23.536334849389117
37.24936334176474
39.7194222834991
41.52524479700307
11.952027047280351
143.99592499979133
22.504016910082598
22.36426616403785
23.419286733378485
25.794862922147665
26.624283045025106
38.020124803311056
56.090527744785675
25.4359580655623
39.99205208400808
30.111726399984082
61.442422635990674
94.17812097274313
58.834755245505654
21.09356587591601
31.124162507884233
22.20327848620351
24.25172678901961
45.261946558589734
31.91663070852005
16.136534491720653
15.478366427225744
39.02662139689485
43.71667435484513
32.34345062111139
52.53376209034921
32.258077927364944
27.204850281324163
20.757622727669958
40.108325953393724
19.508500641698813
24.18472911500196
29.204825957658876
15.784248804130431
23.23744381158228
22.486082538563306
25.72503868095284
17.992497276039746
27.351139963253377
34.04099876039837
29.486920856251388
18.757036539584433
101.53484468933675
26.771389450489345
19.607326609310636
28.52475497857929
29.447793680714682
34.35832206789656
93.02406000299054
17.200150510070618
77.05036547736374
25.07916735052615
46.39900348090192
24.874715735217492
31.301865084838617
21.43189850538291
28.913810425446503
29.797432195095112
34.66568409463388
25.47759074859326
42.281118270220574
28.823756537218543
26.04242960179869
24.179950454528676
23.61144488714093
42.56604894269409
33.40058626949643
31.174916928786352
38.8997118054598
26.8456571710252
17.637432573357874
31.075156553160138
75.02316547023521
24.291251977537126
23.87066152688873
31.29787673271186
74.52861643190361
27.200642368687742
31.035929156581116
29.61858614779736
42.54253011700288
34.3099110440276
36.34252232542921
32.159669927208945
72.46123558402864
29.0426552458389
61.63861005514239
36.55545250137474
20.75078543029578
19.33458602433441
41.094400878290266
35.73028651945013
26.77161548995364
37.75060926298534
34.24399157777608
59.46974566252756
26.848029424122256
31.982702860963357
27.304377956966217
32.492030103953255
27.016283844600665
40.62228564128956
29.0467362406128
22.360288910696365
32.884194692912544
26.222703556237796
22.112980614841035
28.510248799195775
38.68375675045411
26.28622299278158
31.272750675926712
41.95549225568827
24.787222445573125
24.211608418145897
21.51439874419041
124.71800259746234
124.66869306064511
20.489379774020975
70.48189648756386
57.13075039128457
31.203964428922255
28.238534819352306
37.87632203454216
32.72531558472144
49.52008261443926
46.06626479660833
26.673066661867452
20.783826529900132
29.911994930147642
28.03906794541947
20.093644865688564
18.308671431413156
56.227849740149615
21.808916541882347
22.59828669858187
37.73897619204405
20.506503140177742
21.340484802668296
31.474415070575866
25.82523649298046
24.346568504466717
33.61200589300677
59.38696736277118
25.334479172835895
40.93668069254104
23.038659440511488
32.853693323297435
28.097332424455875
