cycle_time
18.94108045546099
13.898542715038094
26.357269686221134
21.353904584624342
16.57277438879569
17.809332140538974
21.49724205392719
22.48250914669333
19.9839628066936
22.821735342280807
27.416878549933188
21.547864664342463
20.67257034650695
21.91242018882267
26.525032517336047
19.380920319821573
27.383837600857312
48.72438790822796
20.782057860975126
23.71619834475952
35.93024362247129
30.10374598271195
39.20422829871073
24.628509176504284
35.39654532012862
13.899837120313162
41.88518313578296
23.462197011913137
16.796110882972645
21.211262444581564
24.908280045644617
38.49960337879988
39.919988508132214
28.558257649733825
39.95830099793416
26.52272566144016
15.671934228968999
34.27590448116877
17.849328443636825
27.228872263648018
25.974810468709745
23.735710852452044
12.650959110033364
33.55589602784973
41.556139461044616
20.978250559053155
27.387693686700985
27.526347852050666
24.316305085387935
26.07331860921587
17.981584920969688
19.834278731759785
22.913560757781944
18.36400599972078
29.13606926737439
29.100761158230288
63.2431307859606
63.64531138615796
31.26597704253602
30.750616636065168
22.50714944941804
26.038470707517234
21.920699676643164
24.644090069510643
21.04925129529537
23.443354220701845
12.898067315770236
22.579321380687972
25.337829838447572
30.90682176916852
19.30982714503107
21.487433591408422
20.889766639199166
33.434071780307605
20.57413944348316
22.534313842943632
34.13874311266255
15.663551147068484
15.12798298594671
21.78464327943074
20.539093742374035
20.1745000860691
31.620117258981605
24.98171412081055
22.715148083177155
21.91418857865162
24.459569420183026
21.780817008279424
22.891992073403085
28.376996962058794
19.46873461555822
16.228657388088806
23.420710375036812
24.888709717607018
25.33348173545923
26.99303217921565
34.22094598006754
36.204636270145826
14.671593482116421
21.15481137805757
26.156754424976402
27.345855135655498
33.73899315771493
21.044355102041557
18.622544926357104
19.077873046851064
18.66053202563544
28.656562156260183
15.867175019319435
16.05406456918616
22.1064192051728
33.39969535684917
27.10847262951971
22.94453302755544
40.83130728444636
19.81712629061319
20.287683008108388
16.715397287225166
25.258614365633367
25.061014821870987
15.755625808159358
16.761200408181097
31.736299739084288
36.170992701611176
22.369974070477557
22.925342286687194
20.126300085377785
39.8275631690983
28.069908345932788
29.91370153650339
23.396283484721806
29.27761967942289
31.50880500482303
30.043566536036
28.28563361503968
46.55686221958117
25.04560651674609
19.828576289669233
38.85053455496959
17.636903542917114
38.760631872282815
26.39045227404543
18.6030268047204
29.28187671286896
19.827642497464254
19.775044217178262
25.979918640712214
27.119064425666508
41.07365709405272
24.567846293716652
23.798653668937384
37.91590652920881
34.33327142026344
20.00498585044174
24.957284096046884
29.91545998738102
31.55502396958372
22.89778405728476
21.94879381231424
23.61797369213846
26.56969739746856
33.819403234153086
23.165381206944236
25.75974454790907
19.77409362511026
27.822030847480573
24.88588980308671
31.55844266785426
22.287053466008494
22.55189901647056
25.146033467128174
21.063411209964862
33.32405724843337
27.538100351115066
19.75624562810881
20.34222465015631
14.394870851247534
29.941767321781448
21.24053600104406
18.945298677398053
20.87902960960748
19.628500565633978
37.031446636142014
37.002919787271765
31.034634863435127
18.048771955726245
23.47338604693565
20.30527421835272
20.673012023000755
20.917784587510045
16.89829655077676
19.74903025842599
22.323281300855793
14.905158782485055
32.17130441943869
28.784525222350645
17.13174776545894
24.64601266152631
26.514359252599895
34.500101374312685
28.854517265000602
23.416970281957653
40.11612928545695
18.99300853439707
31.271495745955868
25.708385624736835
16.086740940084816
27.601729881241965
17.604274072632645
28.421761563818446
25.47501788156562
32.2343864615211
20.36436539802025
26.55935782912246
13.110314851766283
19.31396358385693
34.63026458785174
44.888921753737854
28.576889911059826
20.95350289483373
19.999869809729955
21.18627369697598
23.651637764699583
18.178142160505292
27.838784127212886
24.63945123946804
26.454774559134123
23.266719959339085
20.0808818426618
28.052615651299593
24.720809741195648
62.78927532747554
16.473067601116938
24.856889789328797
23.023454708379436
22.5223358967475
25.77132088216437
12.444103808914116
27.817628629705897
30.690699031100248
25.687726590944578
20.18409085953898
20.505310431835387
26.571506609222602
39.06109478741404
16.06018284092491
22.932464718051268
30.309837188721097
25.25261139678901
17.869196237320114
26.79452645267841
41.781812766346775
14.985237552923165
46.08234337651876
13.742738579188869
25.360778751722407
16.016340466400464
22.624134022130487
33.71255348254228
33.61040948477099
33.69224965327807
20.55301208545546
37.98257317235868
35.602148257878625
23.511408733548087
37.97992102916863
27.240110555128318
18.46917450957693
27.73256342757131
25.962738300250813
18.973129338422492
24.80954806292141
24.42128431789568
32.890094726275585
40.81157828170123
29.05404112151066
25.8930854336048
32.88105914988753
37.29030748158376
24.75424312394825
26.626073770049047
55.30066446701082
31.00434710565132
19.08324334067377
21.984999363845056
21.252239701601763
30.343629873338017
24.13908332549136
24.208153015782173
33.244099364819256
27.664900300455916
24.705524159560916
29.478163886016677
16.294453904672096
16.532944344912593
21.78373738372718
16.603608230795256
28.86858702888449
21.687887544368095
19.58162112746212
