cycle_time
31.51253956026035
37.27040322919718
70.77782291663469
23.732196776205246
24.332525476670853
25.025687792445474
22.678960615842787
22.547575281713783
23.91426777684123
30.24833072974308
54.39262608319211
26.374583038011263
35.86123101370649
23.63343711011089
41.869078539153854
24.755409495520297
39.08663484239002
35.4803243237806
59.71225921243165
44.389107657819174
83.57006210286156
21.40969254788317
22.576718750902753
21.71706829343738
22.014373458348768
30.689041267411987
92.30931496302095
35.112277165282535
47.58889301086258
24.43967444514279
24.55612508343461
22.982000664232157
38.47334404990888
32.34354882061382
27.759555942727737
14.963849457203342
60.57232429656955
56.37467311274371
39.75703610623785
23.746943305737755
109.59309543547188
22.439874580831283
33.95857598970796
47.453239975439516
23.5795825821671
20.9727708886836
47.294710024002356
20.307005953458116
21.350428921623756
32.41514963517038
21.907384587543564
29.330789995069384
45.29050416412464
30.551538565083295
35.337722641778086
23.706426299784265
42.15040189679857
28.853379880214284
40.80677660225145
17.385675927601834
74.10985928319747
33.26013634736347
17.751627485551488
60.297099810448486
36.73163082558797
47.91608603381351
28.188411064108006
27.5220048223993
22.98140350279702
16.07884466091108
27.69987054050126
25.030991300636618
34.66079512939746
25.428827335011487
22.982744302176535
89.83817403940164
54.3813771392712
61.963360841439254
31.10847622418354
19.116739855873572
29.72854509090535
22.546584636144196
22.332221030377845
83.6723294241907
16.365694597598598
23.627065503313887
38.96776167901254
26.38063474214496
49.919601173794014
34.416979953625265
32.566548953917135
26.576984513037647
32.48408337933913
27.988697957540996
55.42122182415014
36.31664248396527
22.48318456484451
25.62961673786398
50.63297995813615
18.77726420192332
22.719937520241523
26.9704990579792
31.775345846695522
22.468096671327807
23.37717336745665
22.270536537068228
73.12637692621618
62.39959546256067
22.035572929653956
29.484194648188783
25.987077608947807
24.755803131946962
32.28057053207551
25.84518790138187
30.492740004413818
30.630705594523782
60.67278792518548
21.030644744080362
37.76978673372342
28.339915114925983
79.3301014998866
17.022135229647542
25.799285748007907
50.171261720127525
33.50786445220212
22.145082915900822
36.055934887846135
24.18668735767892
23.14379064284202
31.038610846228263
28.831747941600106
23.1700918703065
70.16600912073416
20.674852661774064
23.403421509832047
21.936747598419117
32.74836068243209
44.992776002143465
39.189918999987945
29.35378219533164
25.448082912384436
26.807232326713972
72.28560136554113
24.491542006832756
30.90743154455475
34.32195820485725
30.73676228328691
18.80260136911599
26.89301939086721
40.844810649864705
70.03317477813883
18.714098413201775
22.996917459307706
26.852621761755337
17.56217246169707
31.255288449306803
22.389641483011744
36.87225807419651
36.99660119252785
37.38562231575301
26.803406873096815
20.475928399021658
27.2789023484777
25.149112330370617
24.28371776426028
47.34826343930868
33.472415287691355
39.87735560213274
47.6608762895834
24.47959175336482
32.70385010367055
29.980455085144193
26.266296102761505
29.539359039023566
44.35028785131661
26.211977151840514
30.56194972372419
27.104472666384776
34.487794243122785
42.891284991485584
28.02938634890003
52.96154609757085
30.501036682878684
25.47757447249624
26.219734040969023
36.88626763781261
36.76923345859949
16.792922908164808
40.76588603881064
59.2248177488452
41.24809658422251
22.740098047807205
19.66666110079504
109.53604212684478
61.61306646089413
26.05462174484078
59.53377191896644
39.13925165779412
25.702594030382333
31.824922797581014
37.92740486488771
87.35136718435206
52.94852226621965
50.92165092288142
28.173321296970414
21.767499797984453
25.10940158863568
72.17081327260154
19.29766397270221
46.855760294407574
40.10517470659408
33.318017013698196
25.308911129484837
31.15948179754707
29.215759831670074
51.31415066431862
35.00039179156743
26.11114606931555
23.284586797772512
37.75537781826693
25.789962100777252
33.84862742547885
25.42836164446545
36.89053914138372
108.11600281397774
52.913341322663904
26.25853461758616
30.276694479089773
33.646250645046166
20.71542484598592
45.95139173363219
44.48873063883955
20.0756091478692
25.604000886418085
44.238393267666225
19.612052607507568
69.56160107309985
35.563899664785616
45.372499319341415
30.745425082964637
23.33044355124721
18.55009970312172
42.67037708497789
18.577691288467822
36.212801663326836
29.219558822766835
37.694241971048505
34.5112295947802
20.805471727978272
68.0174157856934
21.836860258509482
31.640039738586363
25.09548346188255
29.650435950239167
28.783427496875262
40.42394546705423
23.458948696563976
20.82028278046502
96.05796255381507
43.95785900505134
57.54805472552198
47.87032950110534
46.669797734484185
32.58671702411717
21.531178806069416
17.111876516993707
30.938887826553337
45.15289997862675
25.345927589860107
31.456930128689834
59.781811415607365
34.84178920154685
61.24039260968917
19.479086980932422
37.37965131363755
17.260580067428098
22.183790154647465
42.394363149825224
18.131711776068094
24.608321346617554
15.964029125052045
27.89266542080625
18.895048355108912
29.9999531125102
81.8614815658115
33.034558065369076
26.61316599087782
43.68202433432054
22.03350749548505
39.555641771478676
25.28735485802969
33.265451103087514
47.80817545521122
26.86764097097594
42.55732822182146
32.672394106580676
33.11656169939607
30.049908573698747
47.98213225684542
17.168119531803686
