cycle_time,spt_policy,fifo_policy,hrrn_policy,longest_queue_policy,shortest_queue_policy
14.477764523497253,2349,250,0,2401,0
23.944626212413194,2413,139,191,2257,0
17.636449393635175,2399,179,19,2403,0
18.473560461776508,2372,217,58,2353,0
16.405172034684867,2381,222,14,2383,0
16.895807630798558,2327,199,0,2474,0
17.109387141524255,2376,201,1,2422,0
15.28925048399141,2366,251,1,2382,0
13.570976600796907,2315,254,0,2431,0
16.116935789977273,2284,211,0,2505,0
13.596522814525825,2399,270,4,2327,0
22.466848154471613,2420,163,222,2195,0
13.017097055189774,2356,280,0,2364,0
16.921382392580966,2323,238,0,2439,0
17.706817607292564,2373,217,8,2402,0
16.292587864875337,2398,269,0,2333,0
16.40843058663966,2368,163,17,2452,0
16.034973640487014,2324,300,18,2358,0
16.121433279636204,2477,209,42,2272,0
19.92577776354348,2390,164,26,2420,0
14.815939464811882,2330,314,50,2306,0
13.599268806393779,2325,267,2,2406,0
19.769320506764313,2378,178,13,2431,0
19.117318216620433,2459,146,21,2374,0
22.8308962688273,2368,214,112,2306,0
17.898525616960665,2434,181,4,2381,0
13.584127767938785,2316,278,0,2406,0
14.99056972450221,2316,248,1,2435,0
12.960293975193002,2396,223,0,2381,0
18.70620704626309,2364,176,1,2459,0
18.813318425279505,2496,137,8,2359,0
16.670576624371424,2318,212,0,2470,0
26.26785981489912,2327,196,294,2183,0
13.44936292166168,2306,274,0,2420,0
16.824596706778127,2306,268,4,2422,0
26.188574576152988,2454,139,286,2121,0
15.200843464665319,2399,231,1,2369,0
16.65322170085908,2385,206,0,2409,0
17.521970966791137,2348,253,3,2396,0
14.605913308242089,2325,302,0,2373,0
11.167009301015465,2295,359,0,2346,0
10.862467410744378,2382,307,0,2311,0
23.63545950044122,2427,167,124,2282,0
15.089942832679737,2356,302,0,2342,0
18.39220448615495,2355,209,23,2413,0
15.469209659585333,2357,277,0,2366,0
16.13565558360992,2344,253,19,2384,0
17.018421555845315,2334,210,20,2436,0
14.764764384074034,2368,227,0,2405,0
14.462434974252124,2360,243,0,2397,0
24.26223636055088,2410,179,223,2188,0
13.122864020640229,2394,222,0,2384,0
20.233271970647444,2334,174,28,2464,0
13.692883331166348,2394,273,0,2333,0
18.288620777393458,2344,157,2,2497,0
16.333549140236126,2383,194,8,2415,0
20.255194420417027,2304,313,91,2292,0
31.951705428454158,2423,174,501,1898,4
29.9981909454558,2443,189,429,1939,0
16.03437621283981,2388,176,0,2436,0
13.292466632076481,2320,355,0,2325,0
15.101855047621042,2400,240,24,2336,0
14.000944134280932,2401,258,0,2341,0
20.240976533477898,2450,210,43,2297,0
13.894142961913557,2362,312,0,2326,0
21.974427797895427,2323,252,208,2217,0
17.660425590590197,2425,187,22,2366,0
14.811422242147648,2339,267,0,2394,0
16.18253761724554,2364,228,28,2380,0
14.870945761695076,2390,228,0,2382,0
17.832140903828506,2398,213,15,2374,0
18.630958716143795,2395,248,81,2276,0
16.933759954593775,2342,303,21,2334,0
14.96754242066943,2342,234,2,2422,0
16.767360951746994,2336,238,8,2418,0
14.950381792846004,2329,301,1,2369,0
21.030172105409292,2409,162,105,2324,0
22.44399448661815,2431,146,2,2421,0
16.714658259600878,2367,223,0,2410,0
15.375272447324047,2422,249,6,2323,0
25.557672099369857,2460,143,190,2207,0
20.69342155038494,2407,211,90,2292,0
15.904720697537618,2315,241,22,2422,0
22.373100460982098,2339,242,195,2224,0
26.57725114139402,2330,164,327,2179,0
14.493280131423623,2383,200,0,2417,0
35.34569441352015,2415,151,553,1881,0
14.492588367644467,2389,225,0,2386,0
17.383740955557005,2402,257,113,2228,0
16.99969706077253,2406,203,120,2271,0
15.897663638513139,2341,264,0,2395,0
21.22546390975846,2330,193,88,2389,0
18.7244239059405,2371,221,17,2391,0
16.04746513464571,2384,238,40,2338,0
12.593144982622594,2387,309,24,2280,0
15.992701257384237,2413,256,0,2331,0
20.722704264784717,2398,192,32,2378,0
22.05829619299411,2472,158,124,2246,0
14.712667025204862,2346,293,15,2346,0
13.528236667127189,2405,254,0,2341,0
23.854565356845367,2415,181,171,2233,0
17.155045661202227,2331,189,13,2467,0
16.40484737880377,2394,174,0,2432,0
14.327033153145575,2325,255,0,2420,0
12.484688996046353,2318,309,37,2336,0
15.465075933325625,2406,214,1,2379,0
19.200488442835024,2401,203,21,2375,0
13.120605154565736,2390,278,42,2290,0
24.28892263314434,2343,185,108,2364,0
22.690235507965365,2377,168,128,2327,0
11.071075973676216,2388,286,0,2326,0
29.12575801417955,2382,135,346,2127,10
12.922415653860142,2353,341,15,2291,0
17.292891557574382,2402,176,2,2420,0
16.4404999209273,2379,267,67,2287,0
11.00781870586515,2341,343,0,2316,0
18.195629438845966,2423,183,37,2357,0
22.683988325065556,2360,182,179,2279,0
13.866928362151361,2350,241,0,2409,0
14.676907591237267,2313,294,6,2387,0
17.755487299811676,2374,243,141,2242,0
21.366932855120766,2421,261,45,2273,0
17.816525795941114,2331,284,58,2327,0
12.10799802087737,2271,326,0,2403,0
26.37021049242571,2378,158,221,2243,0
16.92437422419909,2330,252,10,2408,0
13.707519848774039,2402,222,0,2376,0
14.034776597290602,2449,247,1,2303,0
19.178129422568592,2434,226,104,2236,0
15.767209141757231,2384,229,24,2363,0
17.658389160004397,2322,167,25,2486,0
20.134166679327357,2367,195,81,2357,0
15.748282032938269,2415,222,10,2353,0
15.610534169325598,2424,194,33,2349,0
17.660908295142708,2318,314,99,2269,0
17.82735338939434,2423,175,31,2371,0
21.771304309190693,2421,189,116,2274,0
19.68914232861336,2328,247,33,2392,0
17.761131369315535,2420,194,0,2386,0
18.961290168881266,2389,179,2,2430,0
16.462243976502684,2455,178,0,2367,0
20.999287985102985,2426,162,60,2352,0
16.26315038248376,2372,254,1,2373,0
19.948873286412947,2372,223,139,2266,0
18.982568991709005,2412,189,16,2383,0
14.996242637513092,2340,250,0,2410,0
22.260796091810025,2411,155,128,2306,0
13.962740677948767,2361,358,3,2278,0
16.227007540811112,2440,244,30,2286,0
18.955486861070106,2297,238,22,2443,0
17.06333296212877,2343,233,42,2382,0
22.155832898020638,2425,112,11,2452,0
13.497943340020488,2356,300,0,2344,0
24.69993504646226,2340,289,292,2079,0
17.441564091220684,2393,247,50,2310,0
23.56170011201677,2436,171,179,2214,0
39.42990906098718,2474,137,758,1620,11
12.18578479177937,2335,273,0,2392,0
16.314263080427953,2293,236,2,2469,0
19.111188812263393,2420,173,49,2358,0
16.961931774509722,2325,284,5,2386,0
18.53104869330014,2293,255,74,2378,0
15.902189760562827,2376,257,10,2357,0
17.565900859301518,2345,239,16,2400,0
33.808937536450465,2461,117,417,2005,0
11.85559508323323,2314,336,0,2350,0
22.03905289230554,2355,163,100,2382,0
15.180191109190533,2421,182,0,2397,0
11.936126833935518,2368,319,0,2313,0
36.97732674416518,2423,115,675,1787,0
14.971524635305416,2399,241,0,2360,0
14.544116894961526,2342,258,0,2400,0
15.146417935703255,2453,196,0,2351,0
16.212197667442716,2416,185,9,2390,0
14.927104092147786,2368,249,23,2360,0
17.825976416708105,2316,229,22,2433,0
10.60561301162344,2316,371,0,2313,0
16.47947821959683,2372,249,0,2379,0
22.469630674484343,2391,229,313,2067,0
16.37137918605668,2363,266,66,2305,0
15.770979468217181,2384,235,0,2381,0
20.78566880633397,2356,209,42,2393,0
17.724424045385778,2365,253,39,2343,0
15.384892596915861,2420,208,0,2372,0
13.657347723195713,2322,313,0,2365,0
20.910194284109732,2395,189,26,2390,0
27.79248084444646,2391,130,236,2243,0
13.30684421447475,2405,261,0,2334,0
18.099028759046856,2289,279,0,2432,0
15.475747304157116,2344,264,56,2336,0
15.18905449477584,2374,259,16,2351,0
15.09937283926539,2414,231,2,2353,0
13.070186728159712,2366,291,7,2336,0
16.831272394450902,2410,198,5,2387,0
16.918961580830207,2317,264,25,2394,0
16.37309878661207,2353,185,0,2462,0
17.442462925849163,2397,190,32,2381,0
21.50418612216082,2458,122,64,2356,0
15.156673360135116,2358,226,0,2416,0
17.346679236308987,2349,301,0,2350,0
19.807030185270747,2384,222,116,2278,0
18.520292612860853,2400,195,64,2341,0
32.65325560081071,2478,78,390,2054,0
13.286155286202337,2315,287,23,2375,0
17.20894281727745,2400,261,49,2290,0
15.213410838363087,2359,230,2,2409,0
14.920997741973107,2409,276,0,2315,0
20.4173465355288,2353,240,118,2289,0
18.120046662186493,2454,226,37,2283,0
13.152639072921115,2332,227,0,2441,0
18.851908283800075,2366,170,33,2431,0
24.100425135497115,2396,149,89,2366,0
22.561001125232856,2476,171,286,2067,0
17.579979348491253,2361,214,5,2420,0
20.409784666296364,2388,162,19,2431,0
13.030690051057803,2423,239,0,2338,0
40.954470986295874,2390,150,829,1628,3
15.024157458309734,2401,227,0,2372,0
16.020081226305578,2467,183,0,2350,0
11.052772274016435,2293,379,0,2328,0
18.718495780128748,2472,157,0,2371,0
14.025390642719477,2354,280,52,2314,0
20.376574618156457,2368,191,95,2346,0
20.11796182889218,2389,229,67,2315,0
13.383007233351487,2306,312,0,2382,0
16.819166776614175,2301,292,0,2407,0
18.711370875882697,2393,199,67,2341,0
14.460928066052793,2325,282,0,2393,0
29.63268008283103,2400,167,453,1980,0
15.39895127044191,2379,199,0,2422,0
12.123948453852059,2324,341,0,2335,0
22.940154083496488,2491,143,32,2334,0
32.662864894308335,2382,171,425,2022,0
19.67125990903719,2391,152,31,2426,0
15.111503525058884,2385,223,12,2380,0
17.615006511208858,2377,231,74,2318,0
13.529751525072768,2380,263,2,2355,0
16.389962360865606,2334,280,0,2386,0
18.702171052375665,2440,165,58,2337,0
14.199547313115854,2351,272,0,2377,0
20.76674830969836,2389,266,122,2223,0
20.584140259338568,2494,141,25,2340,0
33.29793398137861,2384,142,485,1899,90
24.61357502533658,2379,199,100,2322,0
21.50135345597758,2404,189,94,2313,0
15.206087806655766,2344,238,12,2406,0
15.584134916172118,2396,254,48,2302,0
16.234057490019428,2336,281,76,2307,0
18.43856523301412,2383,217,18,2382,0
17.33373142073419,2441,127,3,2429,0
17.326936050721137,2401,185,48,2366,0
23.719577382347445,2335,197,63,2405,0
21.134735115708605,2385,158,102,2355,0
17.392256707369636,2404,230,51,2315,0
17.547302570087233,2418,189,54,2339,0
14.413496122201922,2344,292,23,2341,0
17.167147426819124,2395,223,51,2331,0
15.457388506280697,2391,290,19,2300,0
17.015410192420195,2388,192,7,2413,0
17.085913583297824,2381,217,0,2402,0
15.825910236973627,2327,247,43,2383,0
14.224086235130645,2394,258,0,2348,0
22.603038583703135,2395,166,135,2304,0
15.66340316335672,2377,209,1,2413,0
15.43869986853605,2385,210,0,2405,0
28.456741953417712,2425,108,146,2321,0
18.22562556686044,2344,242,0,2414,0
11.287493087737136,2301,372,0,2327,0
25.214999237306937,2387,233,284,2096,0
19.20275352153995,2374,184,1,2441,0
14.830917178494627,2326,285,85,2304,0
12.416057167400012,2342,354,0,2304,0
13.105133906008717,2296,325,3,2376,0
13.849012287704381,2384,293,0,2323,0
14.248742399974788,2375,236,0,2389,0
21.755131348703195,2446,161,126,2267,0
17.173419799708864,2381,203,18,2398,0
21.19232050479935,2432,209,104,2255,0
15.807816173091833,2393,206,42,2359,0
14.387730815031373,2372,217,0,2411,0
13.605355592815613,2358,255,0,2387,0
13.621135197973933,2391,285,0,2324,0
15.01853182810888,2403,209,0,2388,0
16.881916314043778,2276,238,34,2452,0
19.72585625130469,2397,218,141,2244,0
13.679757331419372,2366,254,0,2380,0
14.604465183453899,2360,286,17,2337,0
25.377021971639262,2480,99,182,2239,0
14.23377332891379,2317,252,27,2404,0
25.28472017260084,2461,202,256,2081,0
21.67841805044249,2388,174,136,2302,0
13.243675548557233,2339,275,0,2386,0
16.408302079998,2331,268,2,2399,0
15.6600052559002,2335,320,48,2297,0
20.681578926721034,2342,233,160,2265,0
17.939529373594993,2424,173,0,2403,0
23.983661228496807,2403,153,69,2375,0
14.128340025307683,2334,231,0,2435,0
13.024900844499733,2350,292,0,2358,0
16.664743582482547,2387,223,0,2390,0
