cycle_time
34.548097082971864
30.178530880244065
69.95072105692964
27.89165446461545
24.16877617639167
40.962445060745694
35.06071618068535
31.426524501550315
21.88603176842666
21.6769250811655
20.619170606277432
17.6485446263448
36.67662584576087
44.500232093899605
30.086820550176437
20.446752705619264
36.011254199764906
15.133452131364654
20.033352766635456
21.301979431191572
39.660207527717745
20.93488456798067
18.999909201352324
19.062063157673343
18.5046586313744
26.470916300788215
16.829794351006928
15.539231292281341
49.221452183059526
30.159937559510336
32.544916738215136
29.73172713272994
19.251549860105964
77.1068258468729
17.326147285114562
59.91292267619071
33.24202397181585
15.504102620830142
48.65751108380586
28.150596384330804
23.99221745429492
32.0220172128653
33.46918729131495
22.49779375098721
30.45662016557687
22.85425320322868
38.55801479818276
39.05732515966552
20.63906664769157
21.75205307355291
21.1251253958365
25.87936725631164
27.519958246879803
30.07076305788008
37.32380342478307
44.66249335703352
69.45057822515967
32.00348264140667
116.74888493279137
22.582895862631453
20.46545283697014
25.695557338360825
53.168374213557634
20.08060723806126
16.763539071035755
31.401447910521068
16.874036174457604
25.03477001011195
20.80203199150531
39.372363265120704
25.096252235433834
43.23053280974982
35.87851148912165
29.007002860568416
25.97383239138999
55.65121680390383
35.35530558015276
37.450678415581365
20.67963594836674
55.37787613561965
19.177929964060453
23.433662788700342
42.29149134078806
27.643581611190935
25.98686677970943
26.549882958143485
16.11519747637564
32.32857300265783
28.735464587082323
21.565502254570188
22.67574880508576
36.378025103082756
21.854120574862023
37.903039935148456
57.1918912029749
32.69437365205962
40.16142581592944
19.95786196962181
22.08376310076583
24.54254845667862
18.167702419221516
31.56832668222233
20.453045574633908
35.90443342216373
51.73757346646592
38.611034747354516
23.604897568337183
29.726002361321072
41.864151712111315
34.599451789979454
83.00378165733304
52.278178041352916
16.094291909543713
28.32718815277618
25.06172545035322
25.045040664197685
25.84952541559154
16.42497079312751
22.967363058081304
22.014319559174776
21.80934214553004
33.53194721116694
43.466865399729926
57.10711315161956
58.51477338605383
19.80911808493944
34.58626259505018
18.46625307944213
19.379200408575773
29.741267945205117
26.24025277701582
35.16628848270594
24.93313992554124
15.855761580617916
36.77827309587934
31.600525075789886
30.54587087334993
55.72343405945079
28.371684003953256
17.565993145925287
16.865650777258747
15.625995759548262
40.00059877680105
17.18841127345116
53.6918136421507
26.852028887622197
26.993183219630637
30.937565375735723
23.2866121439253
24.379374681009203
24.435890245081765
34.522387373220674
21.359883465789895
37.12533045047948
29.913619926728064
35.14916295861723
85.16184157328044
36.06242783060139
41.21153696261083
13.695137622761502
22.218513614521655
25.74068691335487
22.95859680439739
20.248955701968615
13.728902790186117
26.334095114755794
46.27457027540333
20.761020603150694
27.445626363630687
18.91244636083631
17.448297010730776
30.974075682302
35.87867581324721
23.206792353156132
22.460275898357125
34.7390926911634
25.642493315543625
16.39030623794324
43.69810753732855
34.74777334526279
23.84253738235391
29.58240969770497
44.93219612988134
17.61883191000265
13.96583495810586
26.38791735081591
21.194920063847338
27.29246657473116
24.251345399038204
45.17362200542662
38.51186593875924
35.12911748852631
21.867964241629227
23.10976475680541
19.882455874828366
54.1460020393724
32.63413418229415
42.531261561702344
17.54345426717709
29.60926039536951
28.518066926648856
31.011584684496658
55.37197368612951
22.048990614329572
22.497370669090042
26.334041238452652
29.96045596667978
23.738965204570466
31.545108212998276
26.59779014443225
24.408862563470933
15.413673771650569
30.569275964675896
53.39855913365355
28.564898852807353
25.579504544951096
15.943510934812814
56.83257694502587
29.96478261794729
25.473948182212332
28.897761072646052
53.95655278025911
38.631945613065376
22.74205214390934
26.09965952493238
61.05023381553421
19.807735569334323
53.08203531922157
24.78039784019229
23.15854464015606
18.22989328611455
16.45618425607232
21.929324908491648
28.35034626898733
52.6205906725785
26.249165093112243
30.892113034294894
45.301784963320124
26.11076364025022
37.67379740516271
20.100754487391
33.716843841861284
43.54684099773645
28.268639015982348
55.350078962864316
41.39855884197912
21.189477223726744
27.847374508612702
25.636993485460717
30.65184166219455
32.798446287890926
17.416418256619806
30.471767680717058
14.727889703996508
34.976343226481916
27.061692814370407
31.77219673815199
43.20147286743206
21.967723435629807
31.37667480892744
29.05369568390022
30.174197600457298
20.684871892051625
29.640738453220436
49.41273232646908
27.62512069826453
39.26465457902774
23.906489918072705
20.53254268450446
47.59414622975264
22.76682638481128
18.94517902534273
20.604947677599792
24.080755052180734
31.7655614219366
31.894105169068393
24.571769030625642
24.109766996865503
21.98243809357908
22.141701861560932
41.249443767964785
17.512314022077625
27.5065481902101
16.570033069807504
18.746512087170615
41.99954864915597
27.575827820590533
20.78947672300781
20.705032484684022
18.526962175482158
28.669435584159313
30.03327065492246
72.48309613942595
30.180148196478356
21.231632798436095
17.060564077050806
16.551990563290058
39.56768481584111
20.66470312392848
24.894548403991912
