cycle_time
26.045156456919653
16.030795779775485
55.57445554199667
28.264938390024763
22.58175517362123
27.090541560031003
13.194482496813755
28.640301926258346
42.12425217915676
34.75856340828717
27.052361446520056
21.998398811436545
31.402387057970266
23.552859239496865
75.4919787170906
22.428497120397733
26.729150491546466
14.25682925009287
33.04324435344019
27.631865169113507
17.18732450443728
21.253589227108513
23.154344590919948
23.35961595942598
26.370344117676815
42.73129626678579
18.69363910131994
20.93067073309097
18.976728479944942
21.301694435246347
20.376295528410242
14.218636716559375
25.101266005441094
12.950813095920521
27.898935113922786
27.564671992746916
15.862802421049498
18.104715677507798
19.228143664739353
17.74286033985625
15.17444511281431
15.921347775123918
40.010985761721884
28.524262569259246
30.83280283831273
34.646026894037526
15.299185398189763
22.484371616143488
33.104078854846904
23.579974989788848
18.880005759783366
29.765830172435898
22.70967469478989
18.536778957166074
19.53686483230419
24.211551759678823
30.25068252045575
27.27704372976069
19.502977441701074
24.997642063216926
28.141651119172458
26.73161832359521
32.4729111198137
22.895944079517275
25.508334409575742
19.042932469413195
20.788254329679653
50.1063464306649
36.56594766011666
21.12310851053883
48.1892063637466
19.418929197834288
21.286527643860868
14.520361691580998
16.429218000645065
19.39397351625087
19.216096743300735
20.431825693768833
33.48930602922517
16.292904519861075
20.020767646495454
38.47070097111843
25.815330250298082
29.181467859887768
14.578411306358356
14.531356274264084
16.079763300625814
13.252083762684423
25.882177291247146
22.10520784838661
26.717351789678098
20.07304540570053
17.173290423218145
17.199228918655184
28.325598920719525
22.908480891315897
20.10215632303104
32.26057288214391
23.11762769658125
34.121091602748315
20.21231703658738
14.61405550870984
39.56731054067322
31.74111671384753
40.1909767100296
24.37514770472661
15.616500557903134
28.392272618877755
26.58643843599935
37.65205121173816
22.005317516963476
26.354167940471623
29.90571807793665
32.21330614452288
26.062736754768792
36.294346136009416
39.68774515564702
14.078550503089383
17.58391280400285
36.83415565106778
16.061630490252426
36.22189559200385
22.394035342657578
20.486373461795658
19.457500274147563
25.99498290869232
16.732148687970454
25.599711807152854
20.930136259215136
18.164167322364175
18.89127409086809
39.72231973631718
52.753385819197796
23.956469352029078
18.92261561201226
23.845300093139315
21.125711552722635
36.34713317239984
23.560191429092207
31.671495431547577
22.60223872617857
47.71139683155308
19.074895938604335
15.34309478615214
32.35323832080893
24.76041971842987
62.669201414566906
19.82496125716963
25.166543533334057
34.68708184837861
18.41606509697151
16.420202342120287
12.608401766577504
20.049219222295957
12.112396032914113
21.260009630202703
16.170507870623855
24.274800310950006
48.93515317740208
24.7081805550743
20.9570638487675
24.665314986557068
23.417628459459248
35.11640294571503
15.505222187141282
25.061888447711436
27.967895580623154
27.26809833818453
18.11569802361253
39.572954892793604
12.113045715712122
16.04835299650804
21.117698090285263
37.13734726833774
34.6083565951601
17.630101714227823
22.940740354226936
36.67805935252754
13.301063726605527
28.658926853305886
43.07202488947647
16.787079001591888
31.55824649206358
17.13594726024317
17.17909479477199
14.552763515998008
24.64442174179434
31.578803626607264
15.067153248338675
44.19187313249955
23.0378774998545
37.039592856246166
17.884077439164486
22.285870897645975
16.342424651525622
23.632590280723452
26.995389478507004
16.984383259947453
22.88024561454231
35.128865494821405
32.18687090837449
17.608205486133443
25.675343038993027
26.602021842593217
21.382989758407664
21.34297056519817
21.007448247460335
17.25995510233853
21.630016594102884
20.876208024487863
42.205388972876364
18.813884980543477
19.98395811297476
35.53273200949837
19.80499828842804
16.513783110360954
20.043039112885452
18.94309466385063
47.60293734815985
21.21814085912474
26.53653103632796
22.429886766634127
33.22780482104706
27.34186130693273
44.70135293333176
26.9182299164921
18.41895851249134
25.09687337780798
18.212072162129257
20.349066751920134
19.02994238258684
22.97891474815889
20.211429188052712
12.301703003002029
34.27537896790831
18.11078246876176
39.84816451284699
103.45787156097617
21.76003808546269
44.39152111132193
41.8996144416427
23.682638017991987
17.58701575875916
23.95966887987696
16.24078711858122
44.263215876050374
32.13767762591726
17.753732305944784
24.012832870552177
16.29701466489761
64.1224935155344
27.033813830418005
29.576788215431904
16.230260031062652
38.298648979548496
22.6002188506717
18.391315851079316
19.988307304314503
12.857050628320117
24.46408796033388
13.089127362653691
18.971709259709836
30.662930064231197
22.210502883112856
18.748032110349634
24.183425073939407
22.791070226715053
29.034639138299
25.6876359417257
16.691658624452348
44.44278453190264
22.6874528165603
16.082335010408016
20.867941242371305
38.54616613309493
17.761562959927275
24.29775607686195
20.857726363418188
19.35587865332585
23.39662147535568
16.082422681593794
20.544152608077184
35.503208504860055
15.745039917634363
21.842481660637905
26.010015024287423
32.11318190695651
30.484545398589624
26.21075084317332
16.10304673597777
17.486113327618572
21.396634539712906
20.39569910682673
65.69372487761619
38.647150565884566
34.43548906717854
37.839894481279366
25.5736177347634
18.777546519331878
21.73235052750816
