cycle_time
18.310403816419544
21.25319867512871
13.091066846889506
16.042888035306362
17.493520904615078
28.933905270916398
14.647413091808826
18.186182944342704
16.687122497572542
12.939554220581051
18.33030099563064
16.3110614335282
15.705414947487728
12.55395091309355
15.40998282519521
30.200174788468523
25.68224749614544
12.632409275215288
24.77494187405632
16.131395715535643
16.429690051742405
27.906635689872637
10.963293383959426
14.458730065461028
23.72776593111025
21.369106423996342
21.474698581565356
13.015427774333915
21.185060592458377
14.974635540168942
13.9399167697931
14.230160983892338
24.245948949684138
18.1767095264522
11.292762938508663
12.860849340875864
36.468117962847735
19.89846428315657
20.229702461947863
21.788150471337065
28.30377313284913
23.570859788668862
25.76342835658092
25.580263224694995
16.911644378468182
17.530924565484288
22.08653404395641
11.817945265945541
15.255422077774947
13.64615587249474
9.870259475913004
72.61677499324985
16.11464837107029
20.487432749204803
25.524277600337378
15.06832680462513
21.64670539908816
15.893697947585915
15.926503998243582
13.397845001542915
14.982630560699256
10.264245709872963
27.219414528976444
13.668241372709058
17.69785453345082
10.646821602184216
14.436374027908611
22.519529106808804
20.815794981447933
12.38500613895689
14.328087596462169
25.190633780698725
16.07532831892411
14.39096242254735
11.33335694213563
29.00858134675133
43.662219212341924
23.715754761099106
11.493827296095972
14.308138926435326
14.13254140136714
23.875023265067064
23.49526969898737
14.29272381833721
13.848871167328683
14.030151845777812
17.724085785964032
19.35274813930939
25.944840065903026
16.261555107553963
20.885050791464085
20.699807712007104
20.423168430369355
12.057097879053043
15.173602808130154
13.732913880977206
16.80911605691838
14.823102305648753
16.869847968396677
12.634675246133805
32.07553126599491
15.929470854081012
13.788489476560027
30.98640129297268
14.982790873331053
17.103691496890775
17.08986318698838
12.496860681598447
18.902174493791055
12.458850461912283
20.524291037381797
13.832397105475119
15.22795306746574
19.610067705539244
20.909707053388292
29.70666543604689
20.658868039322474
19.639375363046288
12.35669426755695
13.904473632774142
17.857459168223215
18.864061289644965
18.446654441645904
27.32688224847245
18.225561916629303
11.938309350455377
13.770371968173725
18.466470713568757
17.962946759131412
25.380844484911133
15.585616537025093
20.60104320527066
18.338212205356314
26.406822377904852
22.79413103022975
13.614394878280649
14.623944255660442
11.388889752589924
23.61138000942978
19.61857457343376
29.788427766071493
16.94567637595055
14.09350744625917
15.869181439439426
18.632159901073386
14.794309975003754
11.470718453766994
20.449604716158504
14.261506635087182
13.424349693903482
14.124477639021872
30.523301157419734
17.767101067788026
16.101372416900908
16.770900727984948
16.250943887354495
13.188800171839544
19.551503826456713
14.975262400936185
12.128457409390547
21.427763140219874
23.11788210814446
23.4680186443223
13.21181338833411
16.005060542050728
15.083896635366086
13.302623242481646
30.14781566765428
14.806910902560471
34.34224953872093
31.88934088586974
13.467001247243118
17.646435826907222
19.704187976555588
18.66292718497145
17.49814966900582
16.832452230406304
15.26468285992124
25.552021875407558
20.88629976288975
13.67905130662442
22.527608434884613
14.864750025518017
20.266884618964557
26.52992326908707
22.11736573915877
20.078448881954284
17.84374328117576
12.555674695504083
18.13112249602113
17.632087314518138
16.272964302774287
12.749635946734381
14.895055803946596
24.412402362572635
19.774280328548613
18.558602876600307
15.781527384241993
13.312708781044572
11.642322079017733
15.420535710625618
12.802669594926622
17.535272024334887
12.350236013126546
14.372643978577713
16.112847487633662
18.959580998494648
17.060199115661266
45.97359501725024
16.46102502491418
22.747440028756955
15.442644035920193
13.73804065193823
30.657302873477473
14.53782347562517
26.28248096878579
21.531532253738046
16.246784908861727
21.07125286116027
19.134789226906157
12.381944853485042
15.340137140644904
13.951411684776753
41.51978618905688
12.341683314588437
12.629557170956966
14.370151303404791
16.681450296424547
32.57334368501989
14.803935031839687
17.70433874905575
12.632487658870645
18.12502372095622
15.238311487445205
29.497667258258886
14.847550969827411
22.927467458180267
15.10922748951802
11.560177707791937
13.342301561955935
11.902447871557781
13.069274989399693
16.50176645255445
13.776704163946823
14.563922146017072
18.220596079379803
41.970382015109294
11.929974603282409
15.55059387360166
24.215994922391573
18.915783317978374
21.086017029311073
14.991510422204213
18.67822413669523
25.896713794870426
16.055400723818813
12.925925441452806
24.453827443806915
18.29112901295581
26.70956912234713
12.01469952608092
12.128763300303932
14.296087930161669
21.54694354435517
16.167003710457198
20.565399835214816
22.032060813404865
24.02200113994478
19.142624783767666
21.182977047150104
27.318690486952622
18.245263104192823
17.41644187089836
18.180543273304192
18.591167537111673
15.358077847128012
16.821117398119757
18.589705912774637
31.99993274685308
14.844275548972819
16.44604820067076
20.84627312406995
20.1397198523498
27.953395781623446
22.243814870326418
12.777699208255404
11.132619494508251
19.92995146108011
17.782602632178243
10.486842897242179
15.267225825092874
12.298648721666092
17.086944716541534
15.502380995298408
16.500240465363728
18.371608528668972
11.986197935590425
12.147871334544224
21.66411681149468
24.84278389006719
