cycle_time,spt_policy,fifo_policy,hrrn_policy,longest_queue_policy,shortest_queue_policy,least_flexible_resource_policy,most_flexible_resource_policy,least_flexible_activity_policy,most_flexible_activity_policy
12.43559398473819,259,2599,0,0,0,0,2142,0,0
13.396690461505125,323,2477,0,0,0,0,2200,0,0
13.462457432367207,305,2540,0,0,0,0,2155,0,0
17.03252617619311,426,2513,0,0,0,0,2061,0,0
11.188468203243751,362,2487,0,0,0,0,2151,0,0
15.694112243074182,277,2581,0,0,0,0,2142,0,0
10.519157540666262,341,2550,0,0,0,0,2109,0,0
10.284144372723201,419,2506,0,0,0,0,2075,0,0
14.458902050571377,405,2449,0,0,0,0,2146,0,0
8.822827381719865,384,2592,0,0,0,0,2024,0,0
12.662828792967424,363,2517,0,0,0,0,2120,0,0
12.5383506731112,317,2539,0,0,0,0,2144,0,0
9.993140891785874,298,2541,0,0,0,0,2161,0,0
11.029477458289096,340,2579,0,0,0,0,2081,0,0
13.592755141481318,327,2497,0,0,0,0,2176,0,0
9.786299280548011,478,2359,0,0,0,0,2163,0,0
9.165370480577236,438,2443,0,0,0,0,2119,0,0
8.945277742526391,568,2381,0,0,0,0,2051,0,0
12.061770157692802,391,2544,0,0,0,0,2065,0,0
13.832202838775888,358,2513,0,0,0,0,2129,0,0
12.601891287202898,316,2577,0,0,0,0,2107,0,0
9.190685408171964,481,2487,0,0,0,0,2032,0,0
12.597963368046978,398,2499,0,0,0,0,2103,0,0
14.370892691473843,394,2539,0,0,0,0,2067,0,0
12.10320566572963,377,2526,0,0,0,0,2097,0,0
13.539535264701495,298,2548,0,0,0,0,2154,0,0
13.289090316053517,334,2541,0,0,0,0,2125,0,0
13.083506694390152,352,2495,0,0,0,0,2153,0,0
9.70400973220878,404,2475,0,0,0,0,2121,0,0
14.138647549682036,343,2477,0,0,0,0,2180,0,0
15.24399044114034,339,2488,0,0,0,0,2173,0,0
11.14689678207517,388,2480,0,0,0,0,2132,0,0
8.856979331620762,546,2417,0,0,0,0,2037,0,0
11.127603442848176,285,2555,0,0,0,0,2160,0,0
13.850369635647372,350,2522,0,0,0,0,2128,0,0
14.335482604388712,244,2655,0,0,0,0,2101,0,0
11.927024644334635,345,2530,0,0,0,0,2125,0,0
10.456027481640515,353,2535,0,0,0,0,2112,0,0
10.546372562661665,340,2546,0,0,0,0,2114,0,0
9.902569084106096,381,2464,0,0,0,0,2155,0,0
13.006745631188911,320,2515,0,0,0,0,2165,0,0
12.545872658328669,342,2537,0,0,0,0,2121,0,0
11.580005086609223,377,2504,0,0,0,0,2119,0,0
10.701651046597586,376,2538,0,0,0,0,2086,0,0
12.599195386071768,329,2497,0,0,0,0,2174,0,0
9.115923063053488,509,2468,0,0,0,0,2023,0,0
9.632398215885004,390,2476,0,0,0,0,2134,0,0
11.292618490644506,387,2488,0,0,0,0,2125,0,0
12.620028350377623,364,2481,0,0,0,0,2155,0,0
14.069445716639049,300,2564,0,0,0,0,2136,0,0
11.599899079074623,381,2492,0,0,0,0,2127,0,0
12.386555274988737,294,2523,0,0,0,0,2183,0,0
11.820605846661293,389,2465,0,0,0,0,2146,0,0
11.987713209098983,388,2512,0,0,0,0,2100,0,0
16.06751814674717,440,2526,0,0,0,0,2034,0,0
10.446358745709432,361,2533,0,0,0,0,2106,0,0
13.24772355929461,322,2474,0,0,0,0,2204,0,0
10.676739225825802,343,2517,0,0,0,0,2140,0,0
12.484672918935143,380,2473,0,0,0,0,2147,0,0
14.103322983432788,252,2582,0,0,0,0,2166,0,0
17.43470606911046,349,2553,0,0,0,0,2056,42,0
12.820722099710139,488,2447,0,0,0,0,2065,0,0
12.42807238283958,407,2522,0,0,0,0,2071,0,0
13.457996281662691,228,2622,0,0,0,0,2150,0,0
12.178426398662317,341,2500,0,0,0,0,2159,0,0
13.790567761086976,237,2622,0,0,0,0,2141,0,0
10.839590860308455,404,2512,0,0,0,0,2084,0,0
10.119720476631159,482,2475,0,0,0,0,2043,0,0
11.276701005474171,384,2533,0,0,0,0,2083,0,0
12.5383867013104,433,2426,0,0,0,0,2141,0,0
12.55702988660694,298,2545,0,0,0,0,2157,0,0
12.519809344200384,353,2517,0,0,0,0,2130,0,0
11.34824808195789,428,2495,0,0,0,0,2077,0,0
9.563877466386735,421,2441,0,0,0,0,2138,0,0
12.608825632247802,337,2540,0,0,0,0,2123,0,0
13.507695168822742,335,2477,0,0,0,0,2188,0,0
10.585681364091883,330,2493,0,0,0,0,2177,0,0
11.911846053871345,346,2505,0,0,0,0,2149,0,0
12.124462754367926,329,2552,0,0,0,0,2119,0,0
13.956212865683451,368,2531,0,0,0,0,2101,0,0
10.674995272639316,302,2580,0,0,0,0,2118,0,0
10.736311711651329,405,2544,0,0,0,0,2051,0,0
10.497975636768679,303,2563,0,0,0,0,2134,0,0
10.75384140223994,333,2519,0,0,0,0,2148,0,0
11.4522195069023,383,2469,0,0,0,0,2148,0,0
12.013507763908306,341,2546,0,0,0,0,2113,0,0
9.863494311273708,373,2502,0,0,0,0,2125,0,0
11.48338200562462,322,2566,0,0,0,0,2112,0,0
11.502485586291915,354,2539,0,0,0,0,2107,0,0
11.632223000979023,334,2543,0,0,0,0,2123,0,0
10.465404336351089,410,2449,0,0,0,0,2141,0,0
9.455079614375347,402,2508,0,0,0,0,2090,0,0
10.200035889201454,487,2359,0,0,0,0,2154,0,0
10.05017191572171,358,2509,0,0,0,0,2133,0,0
10.368642634525665,351,2459,0,0,0,0,2190,0,0
11.52290023371129,354,2497,0,0,0,0,2149,0,0
12.554590807049363,329,2511,0,0,0,0,2160,0,0
14.81020465821548,388,2511,0,0,0,0,2101,0,0
10.793409913289832,380,2536,0,0,0,0,2084,0,0
12.603680359746843,380,2484,0,0,0,0,2136,0,0
11.396341410026022,390,2472,0,0,0,0,2138,0,0
12.648039234998588,372,2562,0,0,0,0,2066,0,0
11.499072228685206,340,2527,0,0,0,0,2133,0,0
10.294092472422337,397,2486,0,0,0,0,2117,0,0
12.07020513384358,361,2454,0,0,0,0,2185,0,0
10.328567922466876,349,2582,0,0,0,0,2069,0,0
13.381340228388705,348,2554,0,0,0,0,2098,0,0
15.678863756211797,343,2514,0,0,0,0,2143,0,0
15.80055320233791,230,2628,0,0,0,0,2142,0,0
12.583163641271147,335,2474,0,0,0,0,2191,0,0
9.909872040155534,332,2538,0,0,0,0,2130,0,0
9.926963677550196,428,2477,0,0,0,0,2095,0,0
9.843342701307838,315,2531,0,0,0,0,2154,0,0
10.57920282409327,414,2488,0,0,0,0,2098,0,0
9.985432180716767,295,2567,0,0,0,0,2138,0,0
12.439312565927128,336,2542,0,0,0,0,2122,0,0
11.88597185749623,303,2580,0,0,0,0,2117,0,0
9.884501644680824,385,2465,0,0,0,0,2150,0,0
10.990665601552772,476,2418,0,0,0,0,2106,0,0
12.53902226428025,325,2582,0,0,0,0,2093,0,0
15.569451977116573,325,2515,0,0,0,0,2160,0,0
9.948711275744456,484,2433,0,0,0,0,2083,0,0
13.802039952459655,261,2565,0,0,0,0,2174,0,0
14.045347918630373,293,2518,0,0,0,0,2189,0,0
10.119350279750808,447,2452,0,0,0,0,2101,0,0
10.939515867186996,358,2513,0,0,0,0,2129,0,0
11.358382953765172,331,2573,0,0,0,0,2096,0,0
8.433520011074355,475,2447,0,0,0,0,2078,0,0
11.159519795163854,353,2541,0,0,0,0,2106,0,0
12.337791698957636,316,2522,0,0,0,0,2162,0,0
10.930316027846525,403,2519,0,0,0,0,2078,0,0
13.088453007948392,343,2502,0,0,0,0,2155,0,0
11.558233346148631,375,2459,0,0,0,0,2166,0,0
11.212034047901499,361,2513,0,0,0,0,2126,0,0
16.034581007408963,211,2593,0,0,0,0,2196,0,0
11.299596983066412,343,2548,0,0,0,0,2109,0,0
13.169374915730616,368,2521,0,0,0,0,2111,0,0
9.482848072985009,491,2437,0,0,0,0,2072,0,0
9.707830410731566,384,2552,0,0,0,0,2064,0,0
13.05476997910377,306,2579,0,0,0,0,2115,0,0
11.186510823466755,338,2558,0,0,0,0,2104,0,0
9.368744324761634,401,2515,0,0,0,0,2084,0,0
12.988684250289365,345,2528,0,0,0,0,2127,0,0
13.135155096773191,308,2541,0,0,0,0,2151,0,0
11.168866792106744,423,2429,0,0,0,0,2148,0,0
10.88529430064105,391,2465,0,0,0,0,2144,0,0
8.537282002593669,437,2491,0,0,0,0,2072,0,0
10.774896455866688,378,2485,0,0,0,0,2137,0,0
10.483201570657798,298,2575,0,0,0,0,2127,0,0
9.245478751453316,413,2456,0,0,0,0,2131,0,0
11.030441174113703,411,2498,0,0,0,0,2091,0,0
10.0813309277712,386,2504,0,0,0,0,2110,0,0
12.613155605087448,314,2561,0,0,0,0,2125,0,0
11.418269033804007,407,2438,0,0,0,0,2155,0,0
10.563827459275194,436,2396,0,0,0,0,2168,0,0
14.389687220108003,258,2580,0,0,0,0,2162,0,0
10.350815119970346,373,2487,0,0,0,0,2140,0,0
8.722237708351255,402,2502,0,0,0,0,2096,0,0
11.641066663520784,329,2536,0,0,0,0,2135,0,0
11.88582354829903,379,2516,0,0,0,0,2105,0,0
14.096870377451822,307,2556,0,0,0,0,2137,0,0
13.709114444543323,264,2551,0,0,0,0,2185,0,0
12.462096820043998,307,2520,0,0,0,0,2173,0,0
11.1280453271767,318,2587,0,0,0,0,2095,0,0
10.419836882289127,422,2410,0,0,0,0,2168,0,0
9.715980454708085,423,2440,0,0,0,0,2137,0,0
14.28932485702367,335,2581,0,0,0,0,2084,0,0
11.822505409759493,376,2544,0,0,0,0,2080,0,0
10.067672373183392,360,2487,0,0,0,0,2153,0,0
10.507322111016661,343,2515,0,0,0,0,2142,0,0
10.801036465959244,407,2481,0,0,0,0,2112,0,0
12.71693188500372,374,2523,0,0,0,0,2103,0,0
11.681459147614357,334,2532,0,0,0,0,2134,0,0
12.16347850302433,347,2549,0,0,0,0,2104,0,0
13.55806365400773,329,2524,0,0,0,0,2147,0,0
14.016909690760754,349,2515,0,0,0,0,2136,0,0
11.784699299552793,364,2547,0,0,0,0,2089,0,0
15.376549363707984,286,2539,0,0,0,0,2175,0,0
12.125712445022302,349,2533,0,0,0,0,2118,0,0
9.687578915743048,484,2423,0,0,0,0,2093,0,0
9.924691834055402,429,2497,0,0,0,0,2074,0,0
11.344508514269037,407,2496,0,0,0,0,2097,0,0
14.526057629895659,280,2599,0,0,0,0,2121,0,0
9.849730553147017,446,2456,0,0,0,0,2098,0,0
7.944407107911717,550,2398,0,0,0,0,2052,0,0
10.146386714336607,421,2497,0,0,0,0,2082,0,0
11.917865698688466,326,2516,0,0,0,0,2158,0,0
11.502975931448315,467,2434,0,0,0,0,2099,0,0
13.343786244256925,330,2522,0,0,0,0,2148,0,0
13.192551378434521,397,2471,0,0,0,0,2132,0,0
11.214382513312982,358,2537,0,0,0,0,2105,0,0
11.37794241574866,381,2481,0,0,0,0,2138,0,0
13.245651180531903,268,2555,0,0,0,0,2177,0,0
11.899131176204753,387,2485,0,0,0,0,2128,0,0
11.033621790973509,355,2561,0,0,0,0,2084,0,0
11.651610385533576,399,2448,0,0,0,0,2153,0,0
12.607735212431603,398,2447,0,0,0,0,2155,0,0
12.538824585084443,363,2516,0,0,0,0,2121,0,0
12.35872696120567,294,2592,0,0,0,0,2114,0,0
10.510978978856889,465,2454,0,0,0,0,2081,0,0
10.352739637971343,389,2493,0,0,0,0,2118,0,0
11.451104377884068,421,2488,0,0,0,0,2091,0,0
10.68452409757813,440,2424,0,0,0,0,2136,0,0
12.737185534639757,334,2527,0,0,0,0,2139,0,0
12.021234902829015,386,2477,0,0,0,0,2137,0,0
9.355835286690379,363,2508,0,0,0,0,2129,0,0
11.442110385794447,429,2473,0,0,0,0,2098,0,0
21.939370734613796,282,2513,0,0,0,0,2205,0,0
11.442019191056449,328,2644,0,0,0,0,2028,0,0
10.343756816593679,368,2452,0,0,0,0,2180,0,0
11.871389545938278,369,2486,0,0,0,0,2145,0,0
10.775450870666903,360,2548,0,0,0,0,2092,0,0
9.852944288310205,438,2471,0,0,0,0,2091,0,0
13.246195815819053,345,2488,0,0,0,0,2167,0,0
12.177976829947397,387,2504,0,0,0,0,2109,0,0
10.513243316659034,468,2490,0,0,0,0,2042,0,0
11.174165749127873,370,2497,0,0,0,0,2133,0,0
11.417048398315789,304,2610,0,0,0,0,2086,0,0
9.355349807278724,427,2475,0,0,0,0,2098,0,0
13.604191644807463,332,2586,0,0,0,0,2082,0,0
9.517638167877623,412,2458,0,0,0,0,2130,0,0
11.33305595160764,337,2558,0,0,0,0,2105,0,0
11.258006252144444,354,2532,0,0,0,0,2114,0,0
10.902487835333927,390,2545,0,0,0,0,2065,0,0
10.038507788170346,421,2499,0,0,0,0,2080,0,0
9.212625066331695,340,2502,0,0,0,0,2158,0,0
10.280777999269995,350,2538,0,0,0,0,2112,0,0
9.686806135269434,462,2419,0,0,0,0,2119,0,0
12.232985188909357,390,2481,0,0,0,0,2129,0,0
13.930960960784638,295,2572,0,0,0,0,2133,0,0
12.494264413807139,321,2549,0,0,0,0,2130,0,0
10.136541338393421,401,2487,0,0,0,0,2112,0,0
13.360891120634472,361,2523,0,0,0,0,2116,0,0
8.99865912063719,445,2444,0,0,0,0,2111,0,0
10.022826481311341,385,2451,0,0,0,0,2164,0,0
11.177501012913202,325,2563,0,0,0,0,2112,0,0
9.385787195905719,386,2551,0,0,0,0,2063,0,0
10.376351012782107,379,2518,0,0,0,0,2103,0,0
9.928256049662751,373,2543,0,0,0,0,2084,0,0
10.944166496932725,430,2491,0,0,0,0,2079,0,0
8.902654247840891,531,2429,0,0,0,0,2040,0,0
10.459891967567977,361,2470,0,0,0,0,2169,0,0
11.088440631655315,327,2492,0,0,0,0,2181,0,0
14.080583604319656,377,2513,0,0,0,0,2110,0,0
12.083753929737771,359,2498,0,0,0,0,2143,0,0
15.071534194588041,341,2518,0,0,0,0,2141,0,0
16.60377834418539,366,2541,0,0,0,0,2093,0,0
11.39616261735224,407,2445,0,0,0,0,2148,0,0
10.198453299866491,405,2483,0,0,0,0,2112,0,0
13.765124031185582,403,2558,0,0,0,0,2039,0,0
10.250591813590445,392,2495,0,0,0,0,2113,0,0
9.293236388322226,561,2405,0,0,0,0,2034,0,0
11.246254735543724,369,2486,0,0,0,0,2145,0,0
10.488287022232083,345,2497,0,0,0,0,2158,0,0
11.207797605015472,322,2548,0,0,0,0,2130,0,0
11.968706554332915,291,2573,0,0,0,0,2136,0,0
9.178830022165313,454,2482,0,0,0,0,2064,0,0
11.23833342734466,365,2513,0,0,0,0,2122,0,0
9.504781139636853,395,2487,0,0,0,0,2118,0,0
13.145074278505525,294,2530,0,0,0,0,2176,0,0
12.940272750345507,366,2464,0,0,0,0,2170,0,0
11.6605170892859,317,2568,0,0,0,0,2115,0,0
12.62765641413295,384,2468,0,0,0,0,2148,0,0
10.577759270408572,356,2517,0,0,0,0,2127,0,0
9.771252016471749,436,2432,0,0,0,0,2132,0,0
14.75710067698347,334,2520,0,0,0,0,2146,0,0
10.440308557029672,421,2469,0,0,0,0,2110,0,0
10.745521885715046,432,2451,0,0,0,0,2117,0,0
9.465420442046973,393,2505,0,0,0,0,2102,0,0
11.311216018687611,315,2559,0,0,0,0,2126,0,0
14.22237165065559,352,2455,0,0,0,0,2193,0,0
11.369365570157159,316,2484,0,0,0,0,2200,0,0
8.924806510799648,494,2467,0,0,0,0,2039,0,0
10.135481112874777,447,2434,0,0,0,0,2119,0,0
13.751226217859294,287,2566,0,0,0,0,2147,0,0
10.546499250362496,428,2398,0,0,0,0,2174,0,0
13.384859182684478,258,2622,0,0,0,0,2120,0,0
12.270004072596205,396,2464,0,0,0,0,2140,0,0
11.67559098037112,450,2501,0,0,0,0,2049,0,0
10.03487697814343,466,2435,0,0,0,0,2099,0,0
11.79222858661218,456,2465,0,0,0,0,2079,0,0
13.963087135678808,370,2434,0,0,0,0,2196,0,0
11.587068819210394,317,2527,0,0,0,0,2156,0,0
11.756160644232306,360,2510,0,0,0,0,2130,0,0
12.380716379582248,338,2518,0,0,0,0,2144,0,0
11.127988615313937,371,2488,0,0,0,0,2141,0,0
11.560504169453658,337,2509,0,0,0,0,2154,0,0
12.577285887091486,361,2530,0,0,0,0,2109,0,0
11.77371232494678,378,2515,0,0,0,0,2107,0,0
17.489907610142538,545,2547,0,0,0,0,1908,0,0
11.814398860271737,360,2544,0,0,0,0,2096,0,0
9.064998917390835,428,2416,0,0,0,0,2156,0,0
11.626034376901844,371,2477,0,0,0,0,2152,0,0
10.814346179455105,289,2619,0,0,0,0,2092,0,0
11.50579544979409,280,2595,0,0,0,0,2125,0,0
12.007504122258226,344,2528,0,0,0,0,2128,0,0
11.440738757081077,444,2425,0,0,0,0,2131,0,0
9.61819511686943,349,2528,0,0,0,0,2123,0,0
14.098036577641897,300,2517,0,0,0,0,2183,0,0
9.916191270102225,428,2450,0,0,0,0,2122,0,0
