cycle_time
42.666202979753415
30.5921493854559
30.033983012872124
22.121806166922987
19.088215160422394
17.428659272415796
14.36292156916065
31.586237183398783
39.674171598569814
18.1435626421543
19.864584589289873
26.55132569841384
21.480403132480962
14.070668650130743
42.64229349257145
20.03404988532841
28.43165275087835
27.526558997307326
21.822648051518463
13.723995840161326
23.767158249496696
27.066645996430214
33.56170556721281
22.977243601975417
47.32712886262934
18.461041568072105
28.82571514773285
27.723951049727667
23.554031016336584
15.423934084918102
21.277645813454484
56.561943417634126
24.921989566325756
25.63402832438565
17.627270300278266
17.665079150015412
53.66403131109514
21.01889110549722
22.458232212553632
34.93960657571485
27.944016075072792
34.0319232013725
30.85796846557426
20.14214410963936
20.76049349237902
24.980161464709212
33.398348458992984
31.191341886463377
28.9790789703938
27.099051497109752
18.24676181314426
22.76231358321945
26.827047079650015
22.579696125663833
52.43692348722322
36.21659297930029
19.445998462475707
29.23840970883923
31.086697873872694
41.022984326537326
65.18388611798585
32.25491392414674
21.847214834339354
28.1527894748295
36.72902774196786
34.55434667380265
30.77710175324172
24.18399926819584
21.82116144254486
25.117978783896124
37.625485027594756
24.388918230403622
35.42744997178454
26.634881760944523
17.64039155574262
23.10162701582312
25.6461460302209
22.01985844475317
44.682549777054305
14.040836968932272
35.11833222920367
40.45755204027158
19.64302866139891
39.23481888421463
23.456416307570695
22.44966090403828
31.475057014484918
22.51949790408118
34.22719669897002
42.59673021118197
28.804235461617367
55.39557273578276
13.966279061043627
23.19601495119696
38.24220756526897
18.507061553133614
38.256257559063855
27.390581397189695
41.73152484750619
23.561451497341995
31.682189175150718
25.63843262523925
21.126270396663188
22.9465364947958
25.843821237937185
25.808794430509007
17.71823572613894
50.03346934723201
17.733244653180456
25.65305130029853
28.947827550613308
24.083681553675614
19.352655813864587
20.69907197363367
49.86698938484262
38.35651617850965
26.235184452011595
37.69615593349407
25.717852295147726
41.93300217901205
23.25614184637111
28.79727602104071
20.760236620787328
30.250196931009675
24.260236762723817
24.785392975551716
17.918554915978547
81.32267074309776
40.79667294529472
29.189479626257327
28.40172744231523
21.2096962979799
18.40018871519949
31.397440554247783
17.136808478372107
29.259208051332102
17.81852046931604
42.62581587031723
24.529299065493014
26.16225461586591
21.311816948875496
23.33089703863898
28.400474564516013
30.233428645525937
18.807578164389433
37.65536213584396
22.76777611354885
31.444704301092784
26.658785338968148
28.75296482778205
69.01364018027772
19.866433140736675
20.97629577939186
22.425176924867912
21.291658148285848
19.282177290188848
19.00148892855863
26.47040453982951
55.786048433282055
14.658593980864202
24.947967216380615
29.12315803946472
21.93930977105156
17.781163313735583
36.60293811872626
33.81112478752868
32.2369376500597
22.11907592825294
21.087244761752498
20.80075211401772
23.78606313910971
30.039352251946315
25.744750665434147
45.48584215048734
47.824506240598176
31.851200864433956
24.35554233366755
21.47255202497788
28.672449352737587
21.69130334623775
17.887409150742155
27.55071576010141
31.754142156105285
26.60891659300914
23.9685724593733
18.132039688920532
18.792004537893117
55.495931641168426
25.37314490218136
34.48587470033706
50.431382721762795
24.23274625309742
49.9517107564531
48.88407440201792
16.65632528689493
25.487953063103056
42.09519084944423
21.09316189264143
28.354765983860002
27.53320698693726
34.184812406946385
17.60056924062218
16.36154828012272
35.15732267114442
25.501950504932204
27.836590088474082
21.470985689697812
27.152262594686338
30.573973327794416
19.36947221205504
18.630473558276616
62.21871737785215
19.610938095846333
30.885338374879364
39.99878471935997
28.60382017199
39.29651696722359
25.31913699190986
35.766441662209765
16.113747136581498
19.329113616098585
31.041754739949386
28.802690013984883
27.071805075782507
35.47797420277904
22.763138034588476
28.0743400530268
19.42259990231377
31.036857021929666
16.053327841720336
51.88579131656408
19.768928742478703
15.691937735275511
24.10371374376104
21.269897257296837
46.54742861927801
37.14535261304974
33.24037137146869
21.054859120510788
21.11141538185424
32.97807207840539
24.601601815770373
25.448279662891643
28.044023208024104
31.008745730503932
60.88259234558718
46.71569729621423
25.552395113967812
64.83056400058658
14.263549641745165
32.56909664720654
20.533671589290766
17.921813915228302
27.921467805095254
25.103040038813614
31.42358760210531
24.385114616055272
20.35047124522329
27.90484760898389
23.376446291896805
33.28730962354918
28.568713543095498
33.02349606415499
24.630952924167428
20.34748655774742
19.07080823019233
23.28064775745612
31.967522971309243
52.998070042267706
31.607720187692372
22.710956078719718
36.993898136204564
29.37138227886271
21.715917894135494
43.90244938425085
25.76381338187747
34.847252158929166
20.332733242155005
32.000833793864956
19.468014265083546
99.0246654454231
28.414977604145125
24.94520095915893
22.013282709698533
24.400653503139676
23.458441551965162
25.21416481442673
25.60781773680587
23.299369698785213
19.808589524376657
20.376553016466566
52.6341408661396
25.09772678786328
26.9612198289506
33.03132241818883
22.549400492092715
23.447154556652936
20.33043663102489
34.336484254176035
69.19401488953831
