cycle_time
16.486320303087084
22.014737442138898
22.83333978779593
22.322010550800762
24.282137150406765
23.041881817517037
17.80230936841635
22.74311092124662
22.17025337614996
19.376194449289372
20.701911275586625
17.034883418693585
21.5438155316888
27.053218766208577
19.19009241445797
28.215195053692167
19.19045429478774
23.5084026530713
17.813234817283753
15.606615220944292
16.804079487983756
19.110242184787076
16.67918176145229
28.12232321957123
38.099012991007605
28.1234663890476
18.876939336881843
23.166545912300673
22.262624346386442
22.042739415113047
20.225013645518835
28.149846932144357
19.218713476303254
17.220458568575253
18.534732125847917
15.090451364659888
19.858090238212355
19.24188348263294
24.294113758051147
24.214676616987674
17.783024017578402
29.689072577293537
29.14656780568654
29.241713727450097
33.7616728269347
25.70449165718239
30.365165773547634
44.07443027578762
30.23361260099737
18.468812689924903
18.434347065884037
48.508288125287834
42.49691843656817
15.33558723236403
33.2174367124236
20.610675846367002
14.828323286439534
19.94303250655048
27.136245851790736
31.35040578744154
22.536605221867095
21.4756471304516
23.614194013310975
20.093497867053692
23.611026204824938
15.249735228577984
30.729009374101967
22.344847558135232
23.651958470596053
26.103189887652533
37.758699290939084
14.91428537485143
20.231169939739686
13.51722845895204
41.18066520888661
40.33527182948674
29.368587257941183
17.132476045539825
21.354114438307878
19.96006001242204
17.370076849847553
15.024041300745116
14.619616598408491
43.56495304833443
17.75407422630578
13.76493292369655
25.3726175984668
36.09939422852974
61.991980845734105
13.133836182294466
21.846188423440534
25.210658233527887
18.215364913729513
23.67019612942428
22.856184898387134
26.20105580911469
69.50916377719153
19.753211744707702
34.53871471449921
19.97875473223597
39.51133669691413
12.61571618688112
22.907103861790564
12.908672377614506
27.099746133439226
22.771914564674756
17.25055274308871
22.221173142967622
38.8716791997341
16.696908264974674
27.275686603034526
19.612310080973085
18.152545679531894
15.765909246616907
22.882176724731266
20.89513861177426
31.725616651217
31.20489658298148
17.73912463693537
22.080325482626886
21.059559168422396
24.193607759852142
22.49352842103571
14.457976488239492
18.833807528805092
18.750822233167025
28.20367740232531
23.525292722818598
21.175124126185047
14.748904841681753
19.502614742632886
13.820198168013498
16.973530473282977
21.606339997827735
27.17494296673379
23.508859550743473
18.253091378169216
16.671218769962824
25.877759803007166
12.56731105017696
18.95033214383454
18.607385016802414
26.385675623002722
15.825027674216122
18.218884925075052
13.824818194262408
19.61912804084743
24.362056807054376
19.755295463364355
14.61691082567883
53.46709486200939
21.434710548616117
16.46360029774227
19.050111689001344
14.962336298534783
21.744144246599873
46.90009962735783
24.03141277779236
16.28565055531318
29.91089677373796
28.40012064939639
30.19843390753999
16.171059169726338
14.977099523120167
33.00757834507239
14.325732606194357
28.859555144421144
16.36874878937478
31.174430560255836
17.39879788927487
17.56868960542399
14.749645824782037
28.275832638373366
18.094521515038647
25.658760226515057
13.386756020022329
31.344529192072333
19.101352955539635
20.58980458274581
35.467181919294816
20.78562249256489
14.461824177408845
28.279413720487362
31.897518455977885
22.379307514139963
15.028543556576915
15.723600559477903
26.743417273020732
13.872772366057479
16.25369752617219
20.045998138466842
29.18095178269635
20.236379126787252
26.2602743830322
26.13739855483092
25.110823388669903
19.421859178478226
15.816672649075537
15.61925627811634
16.55830636033362
21.32434801007408
15.005626260067542
20.36938792012407
21.78810194216266
43.165450282756275
27.36978715277554
27.684925217337643
25.538439221304785
21.56389399971109
18.038819729808516
22.380279258861485
17.2547205815591
25.88877546853197
24.818950644217107
17.78348427240435
15.855966291850322
11.223338739845055
26.270541114036263
15.61802268521794
19.27346997300054
22.135089013649885
24.855513555678954
16.850705609814558
18.007939294939753
26.847828438312227
21.299109349814415
20.126018249931967
29.066501356372434
23.656675236692543
13.606778175414874
33.076888477711044
17.31964674204801
15.701195639256714
22.726616421286465
27.778321780784626
27.102207102343236
29.095799795530066
21.881277226156456
26.99474436511382
20.264379738659745
19.74634329383289
12.589334592603482
18.526784335430662
32.68046819862784
25.4763765342182
24.06545903405096
19.60542937883754
18.583417901615128
17.517547319467536
28.708016825314193
17.281630135799364
32.9310292610579
19.11714747563578
16.532594691071253
27.37337614530639
19.152379783487234
15.984136032037515
18.25448347124556
16.888492142391556
28.79196967139985
32.51166349532498
14.389506268615113
18.04046681775511
18.981822606216717
22.00441203566153
16.986552473678817
42.01660446924786
21.938416444164872
16.25370072926342
23.05268438843354
19.517284430777874
21.957851127125124
14.553446590148713
21.049013123875476
19.726301250225465
20.710092646134495
55.0136629317705
28.11304759270586
22.280079324348804
18.69366105022394
15.461844050718934
16.13253053473553
20.703248070285383
36.95758104444246
19.96529467721375
51.724115354106765
27.578821814795507
29.986298886115453
16.994364582318134
15.656328820519391
22.14829041166271
33.37696053012564
18.636381151012767
21.80894578628416
15.755747779228297
29.533215161239088
15.386777221195022
27.36914577486339
45.62115839281821
16.16231333737236
