cycle_time
29.64480703584083
21.595446845967373
38.279521921785644
20.542824024928024
29.50001698421568
15.863863779447536
13.417302483318764
19.299260806464506
20.67059676740878
13.763396761527314
36.366495128126395
19.524716372856965
14.737063950584051
22.77073490410757
14.689317223208269
21.48054845324626
12.812439055611595
32.85917957396733
33.27301973355787
18.166891202153632
23.942004884051517
11.408322576943046
21.95530066474255
42.80648066355453
27.297839827300656
14.844086861626103
19.080754096423906
16.0567814168534
14.074857352160004
14.343850390013197
28.639078603989375
14.089089541391713
19.368911138283828
26.393937511161088
18.00933065791431
21.17488640400242
16.502895567375372
17.869671576683942
15.612761178763348
19.422010774840793
16.839556439171286
24.72936514141634
48.6972194688086
24.402325789474858
15.125225363078481
16.686386959067303
57.2736416712892
23.39012642787884
16.83624211042793
16.99617708825874
28.620699064639616
15.818552088830657
28.183704647469753
29.660734854279074
36.581231936985354
39.4244008718524
13.184881297026735
16.314572199438423
15.27420632401919
20.770010586307272
35.08950566453509
18.46846808513384
20.921699452542104
18.572111952836025
17.644781735892213
13.38410116153918
13.914820904363578
13.001416950565183
13.259641918801194
19.98112424937667
29.595305367216778
19.97187464553479
31.124770229178324
57.520796677670816
15.950337477342703
14.178583234366062
55.65216372828058
15.513667614461845
14.282081979028659
10.171882081754863
16.393320193655352
16.711321748546585
14.670641467360303
12.694522865650715
18.90356443298857
21.591677726670554
28.795015687825465
16.00218892374189
17.067802268425353
18.0678571065179
37.80775508197772
14.380165323869765
28.845786033073527
16.26630326051575
17.867361558205996
32.55480275957114
37.093066207304496
17.767599562805145
13.93005834450763
15.77445507506029
14.528389304168016
30.13699357209666
19.463506907521495
14.5125267131756
27.735913022327505
29.369360126512028
17.843963796458862
15.135035502223406
15.881592775655063
20.14094729620214
17.644957691476623
12.609326153307247
21.559206686803563
34.03683253607629
20.406314019058694
13.204649412446114
13.394902559834486
16.58980891426967
45.96753329922541
47.322048883402516
22.927672444501805
33.2958552996447
19.365176298721686
20.894037670556834
13.355238598712603
17.857500528019735
10.809832649159691
20.01718619143049
27.116883513619705
19.864537496745093
13.903594569821696
33.228357024539164
22.81355619439856
14.852227018277693
23.781781916263792
17.268709848193986
22.556668990843715
24.762798008445298
18.933587704614013
18.28436283262766
17.59036623359082
10.080400529339142
11.70726860865905
19.03913135330114
12.218640347849943
42.26855801900814
15.711537304621643
17.160349022945045
19.279522671788616
27.414369020843214
14.474704799724515
44.1972584975221
23.282319138402194
17.469177680985467
13.764388042656027
23.602913498633242
31.99949266794213
24.31159361276921
28.41469211117872
28.821061022383667
29.068142060381675
17.707556603958466
14.962253672595335
19.662094541005846
19.137346040639372
13.44762074783876
17.03567461122494
22.059712733550167
30.40687915307138
18.671340733745406
24.516085031419333
12.747386188014433
21.795886721596332
14.782026336245693
29.91736561092523
16.175716953014756
20.544901141499828
18.142747399606122
19.1541496905122
23.002688941832528
21.6629041351473
14.226680180418313
14.040745702036471
16.979979427207873
16.121434465234948
19.288111599610275
22.037960032441305
29.061573823807503
27.65539878212308
24.850109236546075
12.130392877024631
15.383825659077722
16.412151916432705
11.921400722003092
14.952385470948185
39.447749277888235
13.401077040982406
30.74793337158821
24.729495616019477
23.48504489832646
15.69813882920503
20.21123425975417
14.472640436453727
18.72628780326473
17.16874642339989
13.222036804124343
25.735565738256977
16.45974407889625
14.450992323340566
11.617485850624922
32.272671027311226
13.4721067210474
34.3098416554358
31.238179413203987
18.82833789282975
12.394577907123523
22.05549411523964
17.061233280563457
10.669266499522578
21.249102526559362
16.45237926427402
13.608542496812408
22.318534756148456
40.567115243755325
12.761041310763622
25.303201706397573
15.631372512656878
30.077419291060767
21.535220827355037
38.4982641497329
20.132446627855643
16.238514944288962
15.994462080424935
17.081453878150437
29.810075333963287
20.443957898124708
34.07433923972228
21.9884981022861
20.760684552382028
20.159079097445403
30.45890099676155
23.399409742382336
17.8079600270976
27.77052618916519
17.957881317091882
14.784162872957014
31.080199077571237
25.686206279506255
19.501584640512856
13.227120086394235
24.22381998302442
22.744768433252695
16.214781512530475
28.532303183200902
15.019803095620711
18.63475732612804
21.347884132807117
17.208839656838823
20.975836445644862
17.175777752187162
17.149064385732764
24.84170386402889
14.546736001996406
10.693139753515663
19.361633498601325
13.179284554476148
15.01968760171743
22.804154652702938
17.03564967029074
16.22606887623844
14.61146656130148
19.030803757532144
16.359634149186228
33.90891813418086
20.675790687836123
30.100434236605505
26.5687156352262
23.21784574528926
14.542587553574238
12.881944888312766
32.95921183257119
26.183168088723495
19.378899798836812
16.666421405484122
22.596510965379675
15.764853170838729
10.668194489512258
20.4815915677176
19.062817936707013
22.482966357046585
22.853953147836695
26.997085731992016
24.21242383043917
38.30666013915392
21.624735647898007
20.784040955167146
20.68564205069699
41.981511999888866
20.616444103782133
17.510350323077848
