cycle_time
14.252000570598787
16.346951282834734
11.801095090628204
31.111856660802896
15.861032342529434
18.4996213522429
14.6649666268698
18.96006330357808
15.122057228218106
16.975661067621033
13.402820973395183
11.445313748412534
12.068779860965488
13.545017036394821
13.032439400200973
22.590649200389162
13.508566403631054
16.946682920426543
23.068228010296927
14.146385529489526
13.235576133353144
17.418811810187258
13.383671827047817
12.81943671516879
12.51733136853497
15.280879301823644
15.587816893849583
12.466162147127529
21.248437913921812
12.69885597676326
15.12799116155854
16.281488247315824
17.04782483311584
20.639105366879058
14.226427342985971
16.406050735556096
15.55494890313729
18.57735580980137
12.941890238828686
16.36993904038583
15.297602697389948
11.438919464034315
24.773246163654928
13.197200276141066
19.60964437834009
16.710858345067624
10.809462231872988
18.259370145993767
20.43665989219045
13.510108214353142
12.359804519089597
15.778159694247963
11.563716053456707
13.581705234401111
11.945094523952276
18.509001948204357
14.55293975752104
25.76923248885264
23.811406800701636
17.77496610352853
16.905314438406112
14.025259547264485
21.82545378719911
21.780352431402086
16.328210091444845
17.015318090849178
17.342513971951185
15.600485269121279
13.703751591254859
16.41810678051282
14.785612604950481
15.894096433684693
20.187864058533073
13.416718324714076
17.613279408596004
16.49038552614875
15.240946430366268
14.33162037595961
12.709594491523763
14.256674144412935
11.875533961885324
19.7386661867956
20.41111559588687
14.031037267889603
14.087666529469471
16.472519661231544
13.447537257092144
11.863693819617316
17.9518262163396
22.691149425372
23.80125574387858
15.267708539978583
19.044616141478848
16.864875352934927
12.241248561556842
13.733961200475468
19.586374473426
12.473731918286719
14.211538150965731
17.50932672916481
19.22880460925355
14.24575812956127
14.963618885924719
18.472817476852857
15.65847712588743
12.374476283736396
16.596045252711907
14.560750624821711
12.836371749214164
16.4195347167196
13.548604916463617
11.4087321293951
12.103803706126545
17.58331503178706
16.734239541299225
11.299935423433574
17.726030151478316
13.499989138117618
15.247662192543137
17.178392563215723
20.97179609816891
13.43569206811623
16.74334270674722
13.41616882234239
15.15650718105731
12.34827644971459
14.913340790462858
15.225103179835653
15.904473491492238
19.77454004614257
16.359333059655775
15.03340569341921
11.052158578722256
16.6095998965635
12.880287637845507
19.088018820880762
15.087044309939161
14.483626641722084
16.703692164162053
10.460335210270298
16.669572382808095
14.949355646386314
14.022244955251331
14.400361619850164
20.928067607878095
15.420943669313138
12.419760324453183
18.329308589866365
19.679723885762588
16.20195175286612
13.808588159931913
12.27805871546971
14.904693947213161
14.611408064632647
16.220118391698048
27.098076711659242
13.21281397301529
14.519472110797713
15.583649114941672
18.48261770846287
28.19693130403652
20.156278441699005
12.717606671306333
17.0724876367591
18.358510475330593
16.51729548031759
14.458921502444856
17.001440014556632
15.935069069154691
15.264436401404586
16.614948886687
15.641808515793311
21.696412715252446
16.148896469158228
15.099649326672836
11.28376533960654
14.939550916163167
14.154163221321008
12.622000499056135
13.871242160576235
23.059903351651787
16.507931600791167
21.5959470357295
16.487061263141698
21.783275856879733
15.31441051965617
12.718700949592622
13.217759444448582
16.493632886330257
13.404664223149014
21.117585152785455
20.10657058408536
12.674190486916865
16.90911545437332
13.501112709324978
21.252689965746054
16.590092100739557
12.452467342559016
20.442299156050723
13.00634727195538
19.38360086298021
16.662267211581067
17.153839338319713
17.364506962888434
16.59535673693612
16.290352523678205
16.00983622092141
14.011063924980606
12.739268843943064
15.837944934590732
15.296823385758366
20.243198712751344
12.677547355588775
14.491280005605722
15.503365450734593
21.062875862624995
13.168891590322485
12.411933507672998
16.13161913458378
19.264391358464987
19.43678395508207
19.697243249286885
15.852802815398642
25.16760104862648
16.610276981207058
25.801808104407094
13.289903734625906
14.991458210749217
12.173594761323473
18.135028795454716
19.291617829821647
16.227074951418654
19.127546355110542
23.722532539570423
11.977414012486745
15.039870192456146
19.39507408826136
14.98614865280857
19.05551084444756
11.294009540212791
14.667678750369396
17.226395035687453
20.4185616364545
15.510272946612945
20.383782094383847
14.651059974070883
15.787273235884445
18.865836104832862
14.916481216068266
12.173488243973848
14.672701767674095
12.116548773808367
13.645957095391896
15.097554676052901
19.681565252283935
14.868977040453764
17.96112948190359
15.31700766625161
12.859684254305515
15.321766391096247
13.499549855171546
14.999597981717862
15.120642462799044
15.589343052163843
16.554678802706366
16.165446064955372
15.487409839355108
14.164669711486088
12.10418745086651
12.10449298853286
17.425485552496642
14.515778644521834
17.406014507790772
13.637226679128327
19.179763512079315
14.648034391797706
17.487117087086784
14.675748141654685
14.046773551268775
18.174782679824023
24.32292060633638
18.903848464193345
12.137552584551106
16.96817407696304
14.629590298906239
15.806642786744582
14.492922377166181
14.177581129719702
16.396818848408707
11.664462425376518
14.784721869328465
16.396829724031395
15.550399276159593
14.216922705988544
13.52734002308987
17.8236607779048
14.986271363944596
13.526966744895773
25.11233328946847
18.119386218983365
