cycle_time
14.793810835582894
22.579353886558632
17.33749169591237
19.33975733328092
49.623527478777824
36.29619235599276
17.93187980766362
15.7972595644899
21.078235888604603
26.635862661686073
23.22241507673706
20.96158409681478
17.9915500077402
31.11962062865778
19.66324530415764
13.750108807495604
13.226518646304037
18.19263921863084
29.899348281422192
24.134300732222993
16.869393750309186
29.116471816898112
25.901912428749508
16.431366268732294
17.045465777450982
24.015213604370658
19.263168651123806
25.27836295402394
16.433991805690592
20.913293753466668
23.429593656398076
31.579994898387564
37.50869699986132
17.902515806878842
15.11215590644987
13.266910868039139
23.449620887751163
19.100513038009694
18.50468640264141
27.69757369364336
32.402357773276066
29.451886777784296
20.076863770110386
19.086173871336104
24.571835265962093
25.23980434098925
17.537841769799257
25.383943247683593
31.727358694866172
26.214846648921455
20.128767039676053
29.0794839765322
26.517758386546706
30.189292920388986
28.156260452231184
19.432484246340127
27.85396954352251
23.138185959381428
27.52194628536734
19.266593185694095
24.133139829150153
20.71913935660505
19.04468641005171
24.06719241574812
22.895165185828244
28.073459263610076
15.55159505648656
16.7661766913638
17.141605620354927
12.85511608733811
13.471426659325497
20.997047866059425
21.97372883113879
22.471476141160373
19.370763887767986
26.426270906509902
19.639208545050163
22.522872030421325
20.182094341137013
24.584319288291656
17.478098588271717
25.882667444436596
17.75041101629108
62.39166289172048
17.696470423105186
15.674292088250304
22.19499938513371
20.942034016673343
28.955548622320183
21.17224711710367
34.617763771287535
17.797795975601318
21.000931512150196
33.510601437532394
19.07392292725756
18.388684603362563
17.505992255266786
22.45424929550217
19.075740186270455
28.44735510862571
40.4307943412538
19.603484827659152
15.350041046442298
12.881094324589059
37.11856344055733
18.108550908629546
16.999504768960954
15.409080939570757
18.82696147887768
17.96291814294241
18.720460963088414
22.972441888577716
25.333912946161345
14.993150980133976
36.59803222731267
12.943934418024167
19.743442793679478
27.03982688663036
32.49030391599111
23.10563444015374
16.03641762345921
21.700467028906647
15.285199449421462
28.68985909376894
18.775523505063816
44.16539303487652
21.30712346315041
14.849674006058764
42.83694854242624
14.281054505955906
26.85743485143432
23.083983455018174
22.714693327469753
17.866494104533782
17.071369745957305
19.400171420390063
15.508723722720076
17.73566950201591
19.466337794653054
14.30758970128239
15.52667819331636
21.10979943591419
25.072393487967584
27.23360916722453
21.22385349593724
19.48693482957955
18.152684568551056
23.742196620153166
27.08705146713934
26.43592259446046
22.75665341727434
17.046892649835442
17.106974159556323
16.479409967782406
29.14125942428183
19.15829331602974
28.984300071073232
14.581628914990713
17.48340852335425
17.9430956224974
14.427122092660086
19.062710583060408
17.79140978950631
13.00273334817315
14.602447417755856
20.95539199086344
18.346837644839095
18.682877659463784
26.034047571138714
28.017305829198104
16.573919016607192
16.09470302324327
29.070678970315512
31.00215666875284
18.692366918624845
20.00935271783711
18.381311514770367
20.778336024877387
28.26068785027937
30.014494443846452
47.893086516790355
18.695407135015497
22.299754116866783
23.915509035713153
20.915083983669085
30.169976836099167
13.863862169086662
21.378428626587013
22.30397189689633
29.51182850202741
14.4640679583835
18.51121792659812
20.293921336439983
20.233679654374754
16.248275562374022
17.845664424002717
19.063944593425145
19.124300703955853
25.132454501452642
26.12224584544095
24.08678970296379
17.226854139926644
21.4516157504442
21.14803228757223
21.98315357144586
34.77705442590736
16.4548229164051
17.757762978185742
23.15519384046576
20.744845107963936
17.645753910427516
33.94365692825694
16.602850650513577
43.07216703394807
33.86610292227138
16.355330914083872
17.744372467790775
16.791734585160036
16.32270025513895
15.174127077399902
33.833795793192905
50.855660376258136
25.71515080547506
45.404065458015495
21.81407792349013
25.3280822895281
18.806114204091617
17.671361010063546
22.508093554026768
38.902139771145734
11.518845526077522
19.38321847420945
19.824041624706
16.183012001337172
17.136436062947865
22.76865051428568
27.55467060987148
17.67950487149481
12.98008506858431
25.520082743829825
28.203430163491344
20.198773284935687
20.636204697044487
25.380967804772528
11.421224602653103
24.531884615366526
32.087110939027276
20.66763804351357
14.041958381611833
14.999820715368292
17.819490252105137
22.829802672512884
23.836770817907308
16.932280175594318
20.808581595078437
21.964281808017567
19.3619303113445
22.423691133493673
21.853563181662427
21.659068832797733
17.556923296944113
20.791618316093054
24.010507862075297
20.885441182445145
13.461274104715752
30.647611232876177
19.29846029671684
18.97870712044945
17.6272498500873
19.151920461935966
36.04583323624182
31.694454545846696
18.270769770813416
40.97788382684244
19.354843373038864
32.48140474123912
19.208594772829283
21.71757956820156
17.497798376202248
19.241203797927493
20.117420015064788
15.327318269319965
21.91880320004615
17.128492064542296
23.70694344401846
26.400172705181582
24.41598088886502
22.76773849608031
32.62763516988639
17.539134398203334
29.253437084054724
19.235345124947273
20.315032701321332
20.994286998314053
23.076055176019935
21.51338658095918
18.33586988875701
19.495895734869773
26.83863304205988
21.272328092182807
