cycle_time
6.129188576067569
6.180688241852017
6.134405065637604
6.52751489226888
6.1996802818260175
6.647614171602147
6.31424704365347
7.371241000765027
6.994782473156416
6.617667704948847
7.546376630157906
6.269904925115982
6.057082914584562
7.08198000496977
6.673690369600541
6.370456041703967
6.033623960983738
6.4422968822903295
7.371486400117626
7.210817105850216
6.609996446978229
5.97148532143544
5.678452291646303
6.510644349751542
6.486802692273934
6.354085902939707
7.0511424516309065
5.908731929710067
6.998054753213784
7.319501391063155
7.770282082710634
6.158276430984923
8.065128338058233
7.17292917079578
7.1370216569184635
6.473841322693856
6.680587289742743
6.470108948299898
6.4151286668067495
7.478147340499512
6.344794830228771
7.03651916328385
6.786317658307408
7.5034203736356515
6.108806318180169
5.997783229274007
6.806515304475625
6.5367696432644395
7.055671424386172
6.9543349631969225
6.351017968298092
7.4419743306958885
6.222968655416795
6.7698266205390345
6.840850281978474
5.642096866666845
7.14725493873121
6.476337488976651
7.194085197990478
8.246733543856443
6.8404267329301005
5.9645211998873515
6.72882489568243
6.204336897863246
7.39515516532199
6.710024585014173
6.9012396958725075
6.247135644330761
5.880926855672676
6.465109267098855
9.005024458359706
7.32867589623276
7.02413175591565
6.615548218453482
5.765849553232608
6.484265639076064
7.512954987906651
7.061552059295446
6.403240418096515
6.090040914367243
6.491974844172399
7.426556047765027
7.296665879723184
6.99195329155816
6.694187456153901
6.687985230183319
6.205941900866703
7.839524922988682
6.960058746960545
6.072952695492001
6.778111165358192
5.884822866059754
6.900110184224964
8.02880664263822
8.818661075732845
6.131488834610026
6.222946784927799
6.704191829112748
7.6063326440717605
6.468939860898357
7.855564038945019
6.063801358072557
7.512965482743776
6.137770209945803
7.448316898371297
5.986872790514681
7.211099501563712
8.47270097342494
7.135045904441968
6.985717344120535
6.265920393552301
6.016445622363961
7.303361636765076
8.079029780322047
6.926188014639748
6.081888565676729
6.739749931721996
6.015711208383162
5.638050417897564
6.697692153434496
5.809411490074521
5.892670797739705
7.84207487510651
6.327563391230981
6.335964803226661
6.2859724390462715
7.3069219027014025
6.821106091054996
7.62021146341505
7.99508424597103
6.381661832018412
7.65656433080423
6.3865956930631445
6.7495591679427775
6.653898036710555
6.427355839188925
6.3145881652027915
7.932318380247246
7.315887029530329
7.118496064474351
8.034769541824526
7.658467617315377
6.554707594319844
8.24506506862622
5.970018433234844
6.915928396034317
5.922871038406614
7.425945414399439
7.020602870758597
6.303081536681804
6.861069913398735
7.0015718553397805
5.733121587040216
6.947602196840152
6.269472234788577
6.091332185929519
6.323349683889675
9.432122845717833
6.740587698379543
5.830710790114877
6.833764578676144
6.006713949829349
6.63965931142082
7.603554264491183
7.142673542940835
6.831550429424659
6.50155590221144
8.623007102208446
6.740227698521446
7.171940387585173
5.934200212305712
7.35472945607258
6.496832332425368
8.640957244047502
6.345015624804754
6.327813485316981
7.553623558706405
5.606783387592622
6.2800583105253125
6.263307687951335
6.376895145135232
6.788025948666402
6.416112883893761
6.157396814289998
6.243176773353654
5.883165945632595
7.204546038480772
7.340985410410643
8.65311629359973
7.006220314803041
6.837074706046753
6.870775950710788
6.549474724330668
5.256413077410329
6.64768789483816
7.5963489590515065
6.951759607484708
5.9515721163239785
6.505295706095082
7.421830779680147
5.8189488858987355
6.103907520202713
6.998749609199814
5.7352493824495
6.338034643792229
6.888570449277916
6.090558626385003
6.667435331344663
6.525616293308946
7.419364305615177
9.258475763527924
7.051968005790163
6.530675876998629
5.714691631108542
6.601455899692426
7.408362972056972
6.27917026116236
5.922019765690876
6.490896930829472
6.440168288572361
6.056375426089502
6.008731035194668
7.819155401465894
6.06350190501239
6.907248337324255
6.673803810857488
6.800863980193787
6.591946096541986
5.969917205619281
7.204080314966114
7.221461527422875
6.274589964874823
6.810779388519259
7.6277919718829175
6.188562740865665
7.095322345772969
7.1860043207035575
6.517687094708894
7.139156098547307
6.177367276877753
6.167031065580935
7.595486946130441
6.249135083386136
7.436854858874512
5.815503726428197
7.732805656406987
7.344142687010629
6.984368077516105
6.151761148358749
6.47381191544531
7.679157094236021
7.01488241800558
6.346579040716209
6.894775650352739
6.113765051301148
6.318151525573113
6.168353465877876
6.911543131785259
6.950535988363201
5.7855940462886375
6.874950342918451
7.61234160378262
7.095560774474243
6.3880176023271975
7.255239612169052
6.4761333123363585
7.2966548825196575
5.96787893766477
7.169703411232031
6.277769736543623
7.312559014464528
7.292891098998698
6.530585729562442
6.226628294748985
5.296180504206555
6.404013423435723
5.480643279586207
6.799672065392204
6.403871438360063
6.902016391647161
6.325364333788531
6.707275935627492
7.149198311335429
6.678972490197816
6.119117724532409
5.693974431668699
6.547032974147206
6.676764792809884
7.220579457968459
6.32432728162059
6.678890783402875
6.067882335449381
7.219911493813548
7.254627701606431
6.233404414067767
7.755978295814953
5.367997902023181
6.675939770147168
7.406759873098567
6.635745364675783
