cycle_time
6.168900936115197
6.293637058318824
7.711296984872265
6.61773588067132
6.403851619946911
5.567514486084222
7.143071697013502
5.872126793179984
5.242351141765966
6.964150458594254
6.369225404498466
6.509671858845085
6.690347726478091
7.713328116349151
7.771130072963802
6.5811728295044665
5.942759330041912
5.677963753896955
7.113958624843585
7.038541109091549
5.891279417168074
6.945346326411294
6.8862785458032185
7.00581608131603
6.35842028355226
6.999653936249046
5.444342624279211
5.671667670053405
6.1136687814011275
7.977013122250726
7.099906039200742
6.4932226735113625
6.108564971899053
6.527381111174126
6.922297722320857
6.350457499042071
6.914366069725857
6.6086478804249795
6.555823209421352
6.850087829027828
6.805309664309889
6.984762953963874
6.220845588220044
7.620851134805208
6.583504539444964
6.548697469923265
6.40318091039651
7.4941701957641245
6.6545564564249
6.007444218841169
6.8897831313695965
5.967509140421175
6.61667789484343
5.7303452097085295
7.979407013933456
8.254500582848916
6.632893983434626
5.996533858333104
8.215991231445672
6.2576037959644415
6.4486237200484
6.811786950507407
5.894273689420428
6.445629523574196
7.609568329370457
8.038230508193875
5.564186431108101
7.456719513421369
7.422661561508208
8.339019201456583
6.546079627151784
6.952644011325719
5.8513950389956575
7.883876099623985
6.8725516422524215
7.926771287925086
6.476580996266214
6.282796461456956
6.4077985422064865
6.204468989244727
6.207647734172185
6.413543382884804
7.599330648997532
7.610906293275107
6.646181356821164
6.348260076738678
6.923618185732059
6.6887359617986
5.760490660073071
6.738158632167635
6.764040337362104
5.724132255962935
8.515014692383932
7.653239892415641
5.5122813987895
5.7560144950981735
5.940574874434447
6.02121221100395
8.401448196723546
5.535584687267039
6.653108292566295
7.57962920689586
6.994169310714587
6.287601383780502
6.652125398367076
6.296426588021732
6.58973049821815
6.219811775209554
6.752021003284823
6.3408387711591665
6.395398213143676
5.646649260340386
6.1400109340804425
7.9929492704722795
6.877559849019692
6.996139797848725
8.303823950669251
6.393531445233822
5.851712181533464
6.126972843449596
6.9470562010376
5.943350143322433
6.772811814630915
6.2120552733366985
6.551336932462
7.037405923075684
6.533349906153958
7.144141187066819
7.8852305862884995
6.006902093671808
7.065961842617592
7.23102940823875
6.22571197123982
6.813326137114453
6.857399913343129
6.083362044611919
6.898986367495108
6.909195424684384
6.683983975063422
7.465035418996459
6.718892432695032
6.042425039741666
6.456216934247628
6.3627832760915295
7.098235291960296
6.722063256871609
6.119079959863899
5.74345873262151
6.044420968781061
6.206944356490544
6.731600350720415
6.328140250641987
6.3766248318964385
6.443538161321499
6.921845785686078
6.069279414950858
6.272285884584828
5.761772607074886
5.900266033867636
6.489376108600713
6.677174502130834
8.075143041048973
6.443138420223318
6.657745517996748
6.527929858081812
6.092418254336119
6.543748869351415
7.367453002447059
7.798454133704613
6.749298234421901
6.365678768778503
6.828352953870276
7.944956305116725
7.418053012736248
6.518338039638607
6.582588832921824
6.480178784559208
7.074093253425488
7.653422607075064
6.298749625183086
7.161448269597201
6.5470066408394585
6.7590059467898564
6.278716643663316
7.386567185280393
6.233575143393171
6.00437912632434
7.818626118716762
7.046933273922716
6.673300819278226
6.254398115766268
6.455106512071284
7.5230863670249
6.3037749032976
7.3692845029794
5.794561532549545
7.138790215792267
6.020492633261906
6.489443431939157
6.498923914705871
6.03306468830161
6.291764097962229
6.449693751400643
6.396169650348587
5.856087587212172
6.043858514156538
7.1826651062434115
6.364709617523783
6.542686179278769
6.79971540954128
6.499179243755337
8.85488916305195
6.346524552859177
6.693459134739564
6.617245193994248
6.8988899400172174
9.068116727063384
8.362265150179766
6.538471062585686
5.7074141579243545
7.351149274520219
5.787236453606758
7.075645468504716
7.8528491609645235
6.209503894151593
7.313215261653832
6.6023131264098165
5.666134492970203
6.771990615390224
7.015063785394498
7.3994852094740065
7.036756562560425
7.012039683336961
5.91284831277513
6.653809816664015
5.815573423572411
6.942628056309546
6.255346147745072
6.451101912711543
8.03047202413129
6.518956640451361
5.838712865354755
6.634488705282808
6.577847762585835
6.684272894431617
7.503935843060641
6.0152546081204905
5.798841141248802
6.047076200550551
5.720437988854181
11.501307154282191
7.358453443134043
6.285079592728923
7.0051674514756215
6.26367746778688
6.225230014662758
6.70917171766642
6.338839928270045
5.988124877069208
6.057199091169712
6.423712904737792
5.223655617803178
7.499604058741598
5.624550983808004
6.666387040855873
6.292904567809695
6.033161679376637
5.605222161594636
6.483299704934335
6.440768336591524
6.049401478881071
7.264416080993277
8.028321322897044
6.3848752051336835
6.566181271934212
7.341421613243599
6.80783628429791
6.921703228268554
7.053085460800357
6.938270748598206
7.057947515949379
6.218465900681255
7.412104658104568
7.423080354874574
5.696908366076902
8.434533169190415
7.552349649220448
6.996816027566562
8.457720844140793
6.280010702098815
6.083992317548545
6.604022099746077
7.602113722000558
7.345208514277072
7.832400025399292
6.285667428544443
6.964380353806021
6.600679555934707
7.410855294859836
6.893828595540662
