cycle_time
5.755351677265712
5.5525866809693065
6.029525809477079
5.611756599117966
5.284704503810065
6.232709612067556
5.705226910289371
5.680486224574793
6.763039305580262
5.936145508826375
6.866449866786383
5.823101926676371
5.106695377172473
6.350252658512405
5.80504397472994
5.939960768420253
5.987553297861233
5.358385702142153
6.7129093617435185
5.069437865189914
6.595573419496804
5.270029853433826
5.224695991341709
5.236893257423436
5.413555035582251
6.213953635772627
4.500831073552013
5.481254162381508
6.0475574877307805
5.600949268943904
5.3144771732952885
5.276810227839459
5.469906981734977
6.047308592684528
5.68694272405058
6.0506914369650024
5.2203117741641565
6.097195851795147
5.606279501863374
5.9264613406373
5.919830202672993
6.019665465016057
5.413717316649539
5.746145309160275
6.311927980119847
6.063368525430272
5.384207071797908
5.315586969321284
5.518920797415364
5.233064379779244
5.669657888698863
5.5699347994979975
5.766144693342613
5.271511530314638
6.319951899157644
6.843491413694011
6.705267647692198
5.650138961995723
6.7721209327721885
5.575523962145244
5.639599078348939
5.787462475447392
5.375558185489349
6.210913428444983
6.107404495593107
5.2143023499495245
5.37741832159159
5.4457141438188
4.9715193746446475
5.994189181185598
6.299597985088881
5.8848437159511
5.522090824437256
6.06189113281001
5.339529036485352
6.4227975270080995
6.150677491391895
5.733293698653964
5.760588981932503
5.123665359646138
5.594060264113235
5.997623911141052
6.08077296908461
5.180209820425453
5.712372696388811
5.827334041295246
5.183051225733049
6.045834345642225
6.496585878152371
6.325854163329722
6.638890809105054
7.273820821009953
5.889756354833881
6.275478568769043
6.483774340270554
5.138024756432751
6.088136884856405
6.7935260064933
5.062914054965917
5.931646027576186
5.463044188281205
5.783102770409833
6.857960275558304
5.396035348576699
5.730319943388628
5.715596622374935
6.335772009177362
6.274541416855018
6.411415015660124
4.827468640116371
6.004406327664271
5.531320515563742
5.218154569305806
6.053007444554333
5.936353489667678
5.806146483577489
5.559668134541631
5.264508911147967
6.039527651034464
6.121181701738704
5.832180827122248
6.153089388187958
6.365093070969716
6.076624334392575
7.144262790625246
6.0587235653776865
5.927021372387106
5.835122126450792
6.088936078015257
5.440941255060197
6.474809673180027
5.585480607939683
5.654356472432993
6.683650029150434
5.292768027607264
5.7907421993887205
6.260469653043371
6.049613513193349
5.036582161378346
5.279575215890307
5.531660729986388
6.629581750716173
4.861207366331791
5.72024474956047
5.385445934145688
5.343701162725591
5.11619872155492
5.705318812995597
5.9789132882778215
6.287026011430469
6.122005740456596
5.505173508684326
7.886883498956358
4.959202927227276
5.109608795340696
5.746306652836602
7.102594400526298
5.3832195106857315
5.3653489659892
6.37695284865377
5.635941520148302
5.198641179872178
5.897094851031922
5.990618765086259
5.927897708958553
5.815214618778496
5.318197924751231
5.958784761446144
5.837415377174957
5.9056427531303965
5.436217069307183
5.864114422224654
5.764405562749717
6.472556183815007
5.716960241563129
5.890806277540257
5.000472446605314
5.369545912670815
5.860786875585593
6.335927607231144
6.532314294722161
6.472308072948074
6.86203542842013
4.975752731311035
6.0314328940711395
5.8162162212170925
6.290141544423347
5.52786498422162
6.0266522713671895
5.116545269710455
5.702780708784574
5.509811905460854
5.739455110681492
5.729443778350536
5.526417644271986
7.025648465039461
4.970417367013243
6.182601209732109
5.159558229788487
5.1688993082336525
6.288414002302616
7.092795496940004
5.423252926924018
5.941308818680938
5.829607984007362
6.203591737134768
6.205420104174931
5.7500264138476025
5.689818878800429
5.7139070626990165
6.49334961064127
4.799508539185763
5.2138682880446945
5.523188677163203
6.394220994108419
5.842689810871676
5.986563845556508
6.1086822728204515
5.190055181986494
7.080047700446251
5.230410393908672
5.910968196250357
5.527847202977632
5.755648556342624
5.315713446404316
5.5974587175380925
5.50810782680195
4.7181432274795645
5.369834502437275
5.388797186185874
6.902495912037004
6.467485304842674
5.974700051563753
5.24443754044181
7.113755853705194
6.223904320424002
5.830879541162059
5.608561990413886
5.73874662319685
5.648994086232175
6.91316986641774
5.589239676799982
5.844606517066884
5.892710086256128
6.388589487145222
5.467960671995242
5.688180017942336
5.293400729972008
6.630719967309671
5.306991373593703
7.100175894076745
5.120784783383294
5.351573439357885
5.740061041494151
5.394496791524492
5.8560510031964785
6.469262143755718
5.622165814097396
5.936850499918877
6.36490740968755
5.995052458897519
5.297223029735167
6.185707306789754
5.626937171926552
5.974540095882904
5.276587814661055
6.266392758669511
6.042081819282911
6.023308331334078
5.404827710104788
5.5758570446128095
5.9336620641986535
6.159985685675128
5.8194750803953585
6.151435529809974
6.148325689393526
4.9393202616430765
5.885308850340122
5.8404208448651636
5.687005664233976
6.020220635531129
5.662411313499588
5.3643090479960795
6.314172018828508
5.408136050258795
6.000714258769865
5.5042114466020005
5.663491638598044
6.215473925835539
5.523694839048582
5.882078406307255
5.74371981816677
6.184971109690761
7.1761782319513205
5.377556133378496
5.238978747139348
5.84693936072289
5.412939213358103
6.109797546828822
5.1694976757873725
