cycle_time
6.110244564644528
6.772918242255961
6.080765773325916
5.819022567735664
5.9324723837352265
5.726981742140063
6.270301586940777
5.42693284560465
6.147796769866245
6.285815138409659
6.118528048934328
5.658360577013504
6.249700354273864
5.781020769993801
5.591251176453409
5.788775159358425
5.597964031541982
6.572348310947474
5.949121370847232
5.332442136145798
5.665673570113365
6.154557404643267
5.994139825962365
6.016521708602797
5.751393082576752
6.094890680775046
5.727185178908647
5.066326258897461
5.456910313616649
5.79771677885408
6.109498508868002
5.882510907363109
5.479101495426845
6.262062066019965
5.608593678794359
5.133358781437704
6.335114193636759
5.388898348659029
5.653157410333264
6.435283422839014
5.7363770741821165
5.796395586304378
5.548028990398543
5.348181089043113
5.5703557925324025
6.096276888147771
5.932144834507632
5.819268872838075
5.542188643204026
5.338948720227615
5.7129881132952685
6.419599716027043
5.718554189195159
5.522929213554516
7.142716844547354
5.8659878252497935
5.618973125209213
5.363530603655954
5.823804712871665
6.314782488821834
5.620112508662185
5.729784404891485
6.351763885143476
5.6417497948183515
6.399434628048435
5.687839544836463
7.5309859212481545
5.109045887500171
5.662089125872963
6.275864091627265
5.780499073868759
5.537549375777064
5.689378697354834
6.126338918733021
5.512792779011847
5.977992959192179
6.280650510190904
5.506386037052777
5.5926473989744165
5.718443116158889
6.084533278333835
5.500125481777554
5.537220469099401
5.650602671166702
6.105300604916091
5.695644734390568
6.0807269879250265
6.21215280048654
6.057120385280267
5.854733109762466
5.256636737931988
5.919375796092898
5.548692792033861
6.8376592103164935
6.57819239252845
6.269493414570577
5.94733989524432
5.568521800802369
6.376726624752026
5.6380612440991404
5.875585277170214
6.644984674142516
6.209338442702878
6.750735959525505
5.450490060860929
6.107831282208447
5.930956937139214
5.604993605034041
5.741929690569143
5.4070044447744205
5.64815203115048
5.502499875136715
6.411440432432285
6.002639595314675
6.122641398626345
6.2592505965985445
5.945627482701402
6.3094161105799405
6.168034717037145
6.743448910621261
5.635609368842622
5.400601145050841
6.515116527582822
6.001448349145748
5.548323316745466
5.433222358357226
6.639400577807822
5.423458939316124
5.750982511186648
6.331395358352708
5.978618584087863
5.899593886049409
5.766794914952338
5.3841525971262865
5.469454389792702
5.917849580500429
4.8586552881596585
5.541714825547916
6.082368162601861
5.974586727471865
5.781442927868689
6.887891962250795
5.660049981631481
6.0538189518700465
6.078045013600811
5.39431163338371
5.6460405374734375
6.1614180785492225
6.388438601489235
5.651954415319318
5.970034508323041
6.39473105586537
6.8888280451969495
6.448306863008205
5.881391625159881
6.102739029253775
5.458774597890777
6.2867175165546545
5.2488939676566195
5.875085762349776
6.152916511403988
6.656827305567016
5.89533681979774
6.3159815861776885
5.595967403523872
6.385152464267072
5.577222820347579
5.978227590859842
6.065422174155427
5.904699252036339
5.593797755260744
7.186200385374634
5.116068897146945
6.251027836070677
5.886384294120204
5.827816093581723
5.4731841589751875
5.5633156717680405
6.089120436815788
5.650278027397169
5.889798400028174
5.677508592650565
6.070352856850813
5.8870016637528915
5.767667688578206
6.494255735874488
5.335635003276516
5.826379938457822
5.693562124041965
5.6260000725534836
5.45284927393893
5.576985755205803
5.240753756692435
4.939124655669449
5.642945771781911
6.397128494825068
6.464465601944462
5.693279917480467
6.836231308491752
5.973733392191644
5.887541324713709
5.524802831008562
5.898682855398179
6.1796874651460465
5.374629704377267
5.582584583727655
5.439071940462201
7.205624394918092
6.234613371587987
5.606457439305569
5.70712338841525
6.009472443643379
5.474644914494506
5.6349386614106445
6.037703874341739
5.904872696248206
5.868335389199533
6.2403557273114085
5.5447027731922764
5.931342056678422
5.216916247932297
5.564378811972461
5.181421400041349
5.516349306938543
5.576900432041823
5.311658343487084
5.708211703949488
5.660477263095844
5.304149225976195
5.642499489392661
5.3268032042491225
5.80315979466576
6.516249992530854
6.619561712541584
5.848502890397055
5.99575194879097
6.296577658095601
5.41529470358676
5.545301546212108
6.522066117505151
5.615920522598912
5.697129007301066
7.152415926030248
6.449444988188571
6.884815191162071
6.870224643706974
5.540655417549071
5.80765762922495
6.280061712829127
6.081650361723486
5.820131189881696
5.654895979933993
6.533074309025016
5.9219018037714015
6.179204566803586
6.2607177717643
6.36368139992148
6.49032014626715
5.763106994785066
6.110883011444069
5.660630759359019
6.188505967478111
5.778622487529885
6.557302924443721
5.989267438067656
5.563943370296653
5.849806208912109
7.308012859574427
5.8083121835721
7.114593551034041
5.700989437824999
5.819623785402764
6.169681058513078
5.34146524033726
5.579788591161432
6.192343676724391
5.727485264708246
6.0793766098496524
6.063339252764299
5.354815894691084
5.78968704966371
5.834284794524401
5.997427624899139
5.71625559300087
5.82314301918675
5.463210384694523
6.39895303035393
6.0819224142513715
5.7966528505860415
6.661919237875787
6.652647092802843
6.587086753352125
5.813202994235681
6.004886288038127
5.529143977517741
5.890812182349484
5.343391076953608
6.184118158251002
6.656597629335729
5.561030783902243
