cycle_time
6.733512726766693
7.359604257700215
6.017738684352244
7.086448116670074
6.177848243949452
7.744783376899485
5.767312024472794
6.064118294156841
6.298132507523766
6.796112897934284
6.633242541194151
6.819555627240899
7.0325893987259285
6.607034174801644
6.393502870536944
6.894330522019081
5.9779573942062445
5.892522099582455
6.237695510642478
6.425346164301014
6.74127922972309
6.606737139026016
7.3695775376713835
6.840689495412389
6.365901169418417
7.575575645646782
7.058773174632233
6.69021263315188
6.378826768924817
6.548885410596446
6.295085924329556
6.932773545398435
6.710238091822113
5.846737086126346
6.8201926911025135
6.173379581276369
5.87224177289212
5.906925524026491
6.474654839349153
9.058445856077077
6.85601501000293
6.375095433951239
6.1823942155946545
7.162191840341974
6.676107779469014
6.6499069237763235
7.018900296994443
7.236038941473779
6.773306747201682
6.0936782485873335
6.9335887942493475
5.967207843237608
7.316948269537036
7.005425771808962
6.29412919716867
6.150354796808403
5.8284149652242805
6.081116802197396
6.268402400794247
7.664197222058818
7.21299546404743
6.988854006261081
5.908742955595516
6.559247506411329
7.272572087293821
6.638248452659938
6.154741906257555
6.947943688589531
5.208274152267601
7.807470356625752
7.089586165821528
5.54269324185651
7.517708949344864
7.038858084499005
6.03316309860791
6.706765179162729
6.4814380763253565
6.099000636493994
6.431152671901149
6.135931640162804
6.617367018109543
6.2775350257372695
5.935780981126661
6.378363956321597
6.7718246741479335
8.252157622618618
5.886308765560836
6.270199549077329
7.466630081850657
5.915700259594915
7.081370833445002
6.432114631935181
6.952554825739407
6.817200831834913
6.386407390414666
6.2139404968807375
6.763429493610759
7.052496262016306
6.173095271925705
6.888204337896731
6.649841857306499
6.061301271512282
7.538042306986057
6.442110050129054
6.0617164330209405
6.5865879186421505
5.794375706504207
6.7193364433287135
8.691260588653163
6.523234373831469
6.2040367121185405
6.528642503329465
6.553465055549979
6.613621357935433
7.004867789453252
5.707112553547268
5.788176693645932
6.3932006490734805
6.442525617691359
6.487191798684358
6.238403131373104
6.967828735542646
5.570516093348728
6.780538624667008
6.1263447450934105
6.723814704480021
6.879300994297487
6.830104310593591
6.1463029279138635
6.0682157459771595
6.7261201650284566
7.464284642622067
7.805280108957731
5.951413522517483
6.4959615457171855
5.599629098885297
6.833179512522953
6.607259524240754
6.317079348250265
7.260496685760752
5.88848440548882
6.865978154834553
5.986357741214637
5.726760046034003
6.3235258382746
8.008785715194914
6.471489469165431
6.676324768872447
5.0403473631373155
6.7552312706954485
6.164597155517673
7.519450599478971
7.227443125518838
5.636736264904019
6.442754445386428
5.8345290867630215
6.359310389091095
6.1516579719798985
7.21872419449577
6.603911912151886
6.3687635026856135
6.288418632384684
6.137725109130346
7.029730600211212
6.427051990468819
7.514658556467618
6.680205115355899
5.713309148951714
7.267914305470824
6.434848575771113
5.895333885050489
5.910186015025088
6.018074557131459
6.086758839723777
5.5548871759235015
6.820973299258698
6.73326432096222
6.44813662759345
6.481962336458287
6.52652720975546
6.261638798788169
7.388207392590899
6.376545821165743
5.905889664747279
6.1953593754918295
5.92311992291025
6.882596907749522
7.313851160381331
6.593053030660209
6.259830687224223
6.422031903920467
8.477273054957235
6.083821509552659
6.5259316533141645
6.080562752782616
7.64294246285649
8.12808650797045
5.852195894082886
6.715382571237671
6.556628718962204
6.1374754178468045
8.357852154654125
7.225552159667417
5.626089845114479
7.413050683375462
5.894947877046405
6.196344039455102
6.198395225080526
5.884842984710766
6.420012004493404
6.235095213293506
6.083119925532028
6.453970407421584
6.143664795427077
6.750147287661207
5.800195918340133
7.235325257977351
6.171041758630682
6.492325266122667
6.78224254579034
6.094798054031472
5.752718979995316
5.791015619134261
5.963217539805541
6.728325854260589
6.0667996962971955
7.162474323270985
6.045783865474551
6.764437177375012
7.201850669002294
6.501816423545925
7.838553675577618
6.738929006773388
6.631653656219768
6.496758223736059
5.755061286836093
7.202660034740191
6.284554567576818
6.967211445235528
6.339008088239184
6.470537495831801
6.101001489176782
5.895490026629983
6.823710467412125
6.489337478420803
6.702796496312521
6.5032430328236
6.0501300869118
5.7594841892469075
6.120382756286891
7.316280410911248
6.755107784625224
7.505556421727983
7.357193127637806
6.219547539981336
5.991584955838559
6.319908574510888
5.912023921357729
6.617833434430265
6.116646597657026
6.142156749709611
7.91693057846989
6.069756117861298
5.912012968557389
6.033507288383888
5.763962062519481
6.468787682303824
6.061927817472073
6.288475837222418
6.939283039606946
5.95973602630521
6.525215313568075
7.016025245981748
7.688682346772631
6.691428732894789
6.478031406416492
6.1280433712191495
6.829915708211701
6.489227462630091
7.109660309575925
6.596936326991541
6.573011618245096
6.3828659416595785
6.807819664336089
7.735607386624206
6.421788749060359
5.976151925173687
6.385899658007843
8.367311850920672
6.231071366508907
6.0020034284768755
6.03009387368764
6.336294518154631
6.647415074307967
5.612406951251107
6.417304999479288
6.517921361898076
6.619213266477913
6.0438397298070985
6.110308725351698
