cycle_time
5.875999571004161
6.384480297690032
6.087252877655336
6.826516125333401
6.71463816700762
6.770142358635967
6.101084576624141
7.317941153845326
6.4848970361230975
7.531461506797765
6.7879224742906095
6.326476890619487
6.2768072195616975
5.528529217701051
6.891871859313568
5.6393394035980675
6.37715772468019
6.207008405413317
6.54448389457898
5.9968438715541525
6.263917161555434
5.95389184711041
6.357571125348002
6.459063700256613
5.725189098256877
5.817581308479511
6.696458679380725
6.540380211390348
6.4493329264246935
6.1840882800943415
6.208426644454279
5.914646902159271
5.163198657432348
6.088472061300371
6.556664935862867
7.075297701623992
6.257631165356427
5.74040073094327
6.29944611240199
5.612664294362145
6.518920920544332
6.40487457912896
5.9414458773999685
5.909377758584239
6.531437076710773
6.010772877191029
6.7559648900764095
6.0331581576701705
6.3528367949888915
6.636387148700285
6.260149630879608
6.023946802009887
7.331660858082805
5.706905459279579
7.078879291052485
5.645593675864166
5.758781012068305
5.406189803052023
6.091672955577642
5.939290952528173
7.411914239265472
6.558466900150657
7.189266302832277
5.650769984929869
6.165684448104607
6.213736458815179
6.7218008755995236
6.75320037946525
5.991011797237925
6.345559007811285
5.726823502947165
5.82148809417701
6.9709324060435955
5.971583884114515
6.093939895352922
5.642037311346922
8.57470869324662
5.638760259328872
7.341447749731487
6.004361455022222
6.926416875108609
6.733167400106951
6.062626044836459
8.478348913341623
6.300630238773979
6.6510764336262875
6.047789339621474
6.614448970484755
6.151663464774155
5.999879119867424
6.252716454297071
5.9820683813548134
5.887564559677579
6.725868568627488
6.242665563520718
7.234126038449452
5.813440392033006
5.548069606965018
6.113302685858881
6.486958492195663
6.717765247628062
5.739796177515613
5.8644376623258045
5.639945101225594
6.493542245167817
6.040401310594671
6.785918928369669
7.065982096340683
5.478193110571836
5.542777386779873
6.8245535972309135
6.131606525668833
5.780898143972308
5.776521178275416
6.0944509071849176
5.823773775504634
7.413335254660406
6.63253291747179
6.534135686753717
5.555496366340399
6.595090450992518
6.6164506190526735
7.76778147467889
5.0304435906453335
6.592650496620653
6.182983296714241
6.59491648728584
6.219620439078934
6.921374406262402
6.130781460051153
6.519400341678391
6.4522856168686555
7.301595569736378
6.258383266701264
5.824046893908732
6.111601596925762
5.819004010583165
6.919980883148461
6.68484208311408
5.788061320908877
6.420907648746772
5.375784285087552
6.666325357974056
5.718131559743286
6.139998318986233
6.248714122203922
7.454343333432826
6.343793872163128
7.218304791793838
6.571524148201035
7.512445756044798
6.000624029597169
6.766337869611634
6.3555877994115795
5.468209875280027
7.232550141199089
6.231578969859413
6.143535729936848
5.841510040262936
6.384914160486612
5.678147472975169
5.520554577370522
6.972116261948516
5.626353866713693
6.448195000754645
6.405142542232796
6.411067285449203
5.5624428632977345
5.4770142095990755
6.357423266525266
5.829970564684691
6.085997114007913
6.065847688867526
7.212221379877398
7.069286010798695
6.521158122974046
5.836504774585326
5.657321948627005
5.380149548368886
5.7972742846291485
5.514348185390024
6.992828775890697
6.384968602038798
5.912007149522222
6.385184103814426
5.820173413362888
6.418847639590672
6.261309094996457
6.0486882944917
6.1911931473163415
6.4862950500703604
6.396560224075912
6.273138902922491
5.264070595840307
6.593772464039664
6.388279608289302
6.4352162685764975
6.583753899121459
6.244860417182198
6.377793149587749
5.7520077763669955
6.085796423153103
6.491907361541506
5.9362300801048145
6.2478240146474455
6.029926174919092
7.906421113577978
6.952180556343311
6.919098997286154
6.317304537570211
7.619192070148609
7.111250556881641
6.269280575855048
5.3468143725586295
5.927268692043881
6.936744425011685
6.24950879120555
6.751184136504847
6.328659044653627
6.089386478543905
6.866770873246968
5.949317147090603
6.070510953212232
7.488993373076002
7.124686728201521
5.8688346747338755
6.775037887264159
6.978132465443839
5.963078359791432
8.14955674192587
6.397089347543653
6.173126231495884
5.315909758701992
6.130551856134451
6.6197307145752085
5.638736753123571
6.092742376738089
7.10085145803281
6.840853586481317
7.511937274747253
6.276165889170249
6.087838732716235
6.678788122566771
6.318452818948252
6.585877062871127
6.467348493870484
7.821152950594367
6.006615360505111
6.17135543759135
5.844554920395157
6.481958298441163
8.511326944978677
6.6331757014053645
6.8478639391665395
6.6222935718456695
6.773917799299261
7.062808306182427
6.584220326878914
6.554824654224269
5.70182700474237
5.6742602882872
6.371306675339168
5.870866409307209
6.059743017808289
6.187131501766679
6.091847143874263
6.997693662303286
5.203352940032558
6.253337434997945
7.970690179517082
5.978238192489429
5.590183846663165
6.84244761715728
7.309150230196612
6.588173946926107
5.231421386088983
5.6642880140266865
6.440395341312535
7.4786675515482175
5.889136385694436
7.566559222313999
6.603665125317988
7.499074965560136
5.901823881836891
6.342020681602188
5.613816321240945
6.997765145252041
6.887571483569566
6.082063189135278
6.045701340020914
6.179487589673771
6.609117310696744
6.614149013020772
6.547116568153582
6.769361965420694
6.5592038378674635
6.231049619510155
6.2119081073996085
6.942339042685271
6.242795771574015
