cycle_time
12.153202974576416
11.375966259101512
10.306534372416102
14.108622565520307
12.761678482130096
9.55746210506471
12.343693736606902
12.800924964537776
15.906253071901531
11.239776727900663
9.352431379145733
15.233797092603048
11.258764881922737
9.979660435864679
13.455808954877599
18.54320851509397
12.519865953328502
11.10997810784637
9.935068369591852
11.85240854641517
11.226214921842981
12.17733407352909
10.992440866263845
12.431235815050814
9.79564563169003
12.880187332048703
12.27214440716014
11.460049954664434
9.299385123889842
12.521724728629948
9.689858398906976
9.623397685776384
10.936805187342934
13.204902827228146
9.779291759213049
14.268275202946906
10.868252529297186
13.412311698063242
12.138721512403047
12.416835686264447
13.036463468069268
9.988478822657456
9.193498668230077
13.478521937032783
11.502691612227224
9.878785808531788
12.187054076244488
9.372791613234265
10.245577876091785
10.870310392168706
11.496216755745952
10.302652778220034
12.66381595287774
11.872254844629088
14.18769722045977
8.98102144136346
14.323470307862081
11.302460269118196
16.954955531820517
10.709714625623157
10.158079441538096
12.118369701587174
14.163942260903406
19.349458486519797
12.036196981416333
10.886130313337295
10.404510467326189
9.03088426932029
9.324292835095825
13.582459253036557
7.778662899282087
10.444127546059276
10.68487320576668
12.80296804366823
10.947486641722005
11.230330690773375
14.405064069008512
11.815025294828743
8.072563635250527
12.0130961480707
15.078206650836602
12.605314553082772
9.38417434372946
11.260212550817803
11.009477137442257
11.767292423989009
12.269656424760296
8.869782854425623
15.045558857918781
10.122347721616093
16.325856380320904
29.066520237636933
10.690184439574159
11.788510347659175
11.22957416767848
13.286129570158879
16.236718993247038
15.093918544848613
15.04879100822907
14.522504050749427
9.966367140053181
10.768666714480235
11.957374198795176
12.820152168756486
8.396166000160157
13.651934164701233
10.96880193207861
11.618425043810793
11.763560835356587
9.654322405900185
12.117558306930428
11.529625112784368
11.619520367498586
12.925157319212154
10.511678387209784
10.622341347182639
12.854883340733762
12.57801610748286
9.2263575552522
13.854299467887115
13.183432677665694
10.48019210597648
11.768774315958998
8.475400419555156
12.897935387174673
14.562638210530768
12.49818311192761
13.670752681340604
9.58815795669653
9.282710325101537
8.972343351355274
13.780135700867087
12.012018920761669
8.90175098190065
11.90194669863461
12.39897379049956
11.647102725908912
11.9631252808732
13.588791991820257
13.193734096064873
11.072131246736713
10.034550640236684
12.349471769854626
10.50408079611185
11.869248947392268
11.734417648257402
11.211421436954268
9.528104701152357
10.09715752218751
15.397338654547216
9.684352141240703
18.164256391773996
11.632638695091968
10.335907771339622
11.290682555501544
13.726696498049677
10.206622270547209
14.83557714356746
9.690060351576257
14.171290006976925
11.509791924229157
11.4735593326881
11.362552402129149
12.624466615120228
9.83222965359169
7.853881341669773
10.476855561464435
12.527730592526684
9.963597691149536
15.2054340183825
12.813431052469856
10.100640293054008
9.785708566543562
12.856007815140176
12.272157186714152
9.77817128981952
10.428814257320642
12.723230229684201
10.718887987126086
10.533530857240741
9.446990984143927
9.848543700063235
9.40085776177956
12.790487582885865
15.530458224473637
12.389584554397825
9.236774660428575
11.670596769511151
10.347599635110605
11.868830882091016
14.37147453873081
10.659382924986865
14.491977656207998
15.159686205284949
9.010770800698653
12.904703969477138
9.880884878806238
10.782889459937588
16.627992162035113
9.09066187136421
10.61885434584888
10.167216505122393
15.206021734271832
10.792207661671233
10.733342803688249
14.73527623582733
15.627721617974665
14.114688938336572
12.564426267098472
9.587313624670724
12.014888921784273
13.989504151801873
11.475388209662004
12.456602453752366
12.453767226898238
14.026148758342057
11.92222696807841
10.660489559467475
11.055768919646837
9.292363505453185
14.345424716362276
11.225695075285003
11.547972046713587
15.551793859933422
17.163291619734384
10.937756766816198
8.11190265302863
11.619694979848001
12.540661954909588
9.288217325040339
10.289840408804082
12.480455581803007
11.697579147001473
10.793698624158841
12.875438317907163
13.908771394935538
9.097489632268868
10.420868005205515
9.243491814739615
11.977315816325941
12.703453002227983
13.796064681659436
13.581840406397404
10.342221402632042
11.302874812029202
20.019832800102165
9.681767659942414
9.458878368623704
11.177835147598248
10.81903984978447
13.193819108290418
11.873928581526709
16.340983064395715
10.488939266530629
10.93314707581789
11.698004609713536
10.23854150690537
9.752889959934103
8.996273222239065
10.345432627694697
10.988558205204626
8.318299397255071
9.032713240617571
9.173227042436041
9.425566954135261
11.169494300437675
9.17639218902453
13.10504402358014
11.216566167026306
10.988749348469094
15.138906709543534
13.661035916466089
12.649762655928713
12.086596241940706
10.290678783116707
11.496755808295953
14.570813122948495
16.147054474822628
12.453052533007309
10.524659456216748
15.602956363411009
12.204843475513028
10.658604295186276
9.901833339946778
11.667480424945055
9.724719885146309
10.884997763190885
13.585317548262834
11.473854946315864
10.995681085547218
11.321254835607496
14.951843589836498
12.654082486698726
9.674702661388125
12.78159821020817
11.44690897166027
12.386290778904868
10.568363265143107
8.30876604855069
13.845670775451849
