cycle_time
7.876269953402627
11.511665919014357
11.73588845340002
10.000602528827383
11.014873398565568
16.065818690244292
12.088345743024094
12.904768491691735
12.396170975111913
9.959413591980727
13.755219361833026
11.101290006519879
10.407550642498045
11.426984532606982
11.06354913653306
11.061973517925226
13.550705310079776
16.27429165410093
12.388171195969951
10.548861384840354
14.681332726347767
10.538368340435671
13.402359524749988
9.996638905884042
10.941619645847775
18.043119824700273
11.336103358927371
12.250300402673918
11.320413559485882
11.847099997049646
10.015667867311674
13.2754054665584
9.493035804671404
15.489435359848507
8.71875161392117
11.10782710822404
10.99793128563297
12.15099550372544
12.345349802254159
9.143913850941516
14.57863710821646
14.998184255033808
10.908706553270402
13.799133834881863
9.808941840970649
12.740256011346236
10.534406326866153
12.259012580948907
13.147515767469988
12.120961114524343
13.190327874135807
9.992335695908977
16.515039745397814
10.011681785167193
10.881692862534289
10.717443748957002
8.974598717080681
12.576034565600423
10.482849776597247
11.339867689140437
17.196866549406682
14.314402870234897
17.51239555706552
11.149598144573188
9.791952443481183
11.287004541001112
12.039636881575664
10.70921396050886
11.829267721515373
11.223414467648475
11.882826829843316
10.795807661595644
8.274245156838468
14.401016969392874
12.682153728393937
10.731526726413897
10.358033824578733
11.897103655559343
10.836609767239551
9.715570919320434
11.586897677843073
9.489985288698252
16.572083730714613
11.771301740350417
12.44591838052851
11.233082419277396
10.4774477662435
13.777323966228021
9.985080588048037
9.627496767184274
13.797379481732262
8.77733828246423
11.260631526582342
14.429618616725481
10.72121770888951
8.837019636406167
10.760124643595654
12.020042952106607
10.334041124093869
10.009396036711566
9.904156228714806
16.79303349790361
11.955655523460539
12.480562794074439
14.999775748165755
8.474461339496388
10.967568637385314
12.423487154347537
10.564520411943183
13.602619020091492
10.465174596719372
12.68423487064317
14.849916679666462
13.396669115386684
10.67822397177238
9.639128912783649
15.92849933648821
8.488723342153728
11.299469202235885
16.330325318527272
9.074155700612923
11.956030896895628
9.200255153839016
11.97019483392622
20.561979072955555
10.160444103020344
10.633501860039763
14.551515883506232
14.081364898533304
10.423507961444315
12.545127890199105
16.51288940331774
13.99683710318991
10.67353892011496
10.004802146669212
11.21761269731902
13.317346826781423
11.346414057757613
9.494464268668052
10.990606206999027
11.491978947228695
12.89298140993334
12.314198049040412
10.891611786008776
13.810533274931402
12.677016267103543
9.140826639498936
12.098894222868779
8.909843578723514
11.779853263347055
11.030663945700594
11.23153443858924
12.68920176803052
12.452728131082527
9.080512989390446
15.106753114047079
10.652472810637985
10.962823465266354
13.123807375598027
12.149881829444833
12.4985242471631
12.505706342573667
17.150404281936513
13.447039438648536
12.226594064549763
10.96464738711131
10.700457952536304
14.196626062365828
13.171389601972534
10.521305611596487
11.572580458588696
12.00377765308996
11.219180787409597
11.434158399246662
18.01549700324538
9.095430495611241
12.511116441170039
9.705564933669498
9.524129062644276
16.652445853389082
14.244538894421137
10.776662524985293
11.716308986584574
9.474292362665144
13.827927010708404
9.179785941114675
14.628497324484112
10.260824418682882
10.496347590012551
11.361174490829345
13.818657338146258
9.575897047029384
9.988331779694374
14.37341015346891
10.843772613716315
9.933666399442261
12.85161624065459
14.649969888299646
8.65225116791372
15.770499019791105
9.663776369224463
12.384029237067613
10.914517353157482
11.718057627307438
8.12055866101824
12.555577947842044
14.869472972535897
11.736271945717645
9.325312940706981
12.274615891063235
9.679306010769137
16.670497500715584
12.092184236264169
10.209182430670959
10.877708820621237
9.551280423744537
11.662406117388834
10.686410337477371
11.439931449362218
10.337774419519583
17.232366541220145
10.258978757417841
12.613467897221687
11.687225335828321
9.903492351406644
10.239025848649021
9.624091809847435
9.453540208044869
10.094262309146336
13.17118702002469
10.510484508227762
10.55092073500406
11.384537531325277
15.869449978156428
10.108170228816734
11.661261827010863
10.447006694999647
14.04836265683732
8.745653995278419
11.318703277757328
13.20768818093119
12.4843989751429
10.023040621279879
11.44435735379723
9.737085045513446
11.02599250505846
14.76762539146379
8.936506188049096
10.014873267923312
10.286052196803137
12.46055385150961
13.163831010854786
11.705098436590571
9.854930942552288
11.07376057406434
12.887939554750387
11.893013897422923
12.77356162015698
15.27667643098223
13.64535106686313
11.492377586487647
11.422149192836095
17.828497247431272
11.940453635504252
10.033623785475632
12.878460230583
12.847921274191398
10.755718442607868
9.278373647302425
10.410267104505673
10.34402472309462
11.384343049591651
10.926244080688415
11.205182548767217
10.8987138477548
9.932572782927597
11.218056071118275
8.282401352361918
13.379819751807672
10.166120377027617
10.309926527979352
12.57255350679291
9.473589433493489
10.474205119480585
12.27003164820161
11.758558768699254
11.029972215462717
13.233577792545182
12.769087809474613
10.431294176181293
10.187657983116113
15.720686623609721
8.95418201802729
9.800043270134935
17.697452846838058
8.952586117708845
12.474895003086358
12.823637608190788
9.725838835623701
10.563744908985253
