cycle_time
7.946636649058318
13.5699114623539
11.693768686189669
10.632796624498178
9.391524354788801
7.694394643575758
10.415120302138595
10.166910486311943
9.138451811888594
9.67549350156818
9.17991467331663
10.324813820037642
10.299570613059943
9.691610205479986
11.196130673527167
11.458016740117221
10.142583833120854
8.201693727582144
10.623544557112615
9.195194869830695
9.086998354527145
10.221501947379666
9.642981400470102
10.856463308782644
9.229404979202828
8.461259206702763
11.162114660560828
9.452704656059323
10.025327041125967
9.08867318927618
10.806543540810194
9.913158587022048
10.714237714338923
11.42093699641293
8.20657872960443
7.522729772935454
7.208658753171472
8.993004759766478
9.298687123026035
10.738478328406508
9.635135847392208
9.4909547643499
10.10015333624845
9.572062273822448
11.906436621337766
8.588129250037474
12.338956127815832
9.840053500582984
9.42101625648461
9.847853755117015
13.67811823699697
9.990156632954049
6.9989193154103955
9.936452971904334
9.539441827742426
8.658387146473542
9.006098868865575
8.55416364517931
7.452289001888284
9.852827192534598
12.029948414765572
8.125083242014991
10.036565134058906
8.188435277691024
10.314875475624444
11.095144839181748
11.235815412982536
9.46537874516416
8.453820657064497
12.24589549255923
10.930795632081388
11.188396993641682
11.203950733021635
13.136985700464752
8.606883852519706
9.836290020613218
10.558551443119681
9.2206965159024
11.470295312419603
10.281935666634165
10.582902366123834
11.446360749387111
12.532096761973385
8.249889705238186
9.36886016167097
8.968973643086963
11.123527719905228
11.011123497319808
9.195673490349566
9.990199556191994
9.098426815774683
8.644919621901883
11.604727985384129
11.62258245223248
15.894238851581123
10.664248598214867
9.255432346488968
11.167758069680678
9.117656750670204
9.112929061330236
11.583669873471791
8.985578220025452
7.954213852210169
12.92500864653827
8.999639247726373
13.92846218582172
10.241007765024296
9.170052380426883
10.148502333294108
9.481774969281004
8.484968270661494
10.785864700365888
7.700368812945777
8.47183340669763
9.043936804071471
10.574943522426702
9.141013734581287
13.88533504046232
9.99965421331617
10.022262765851284
8.985475277807423
12.468174312041354
10.377737649006798
9.217883408455842
10.695492878680874
8.378850661148102
10.119078512789502
11.390726423251976
7.938013293824555
11.802033055241822
9.682348291451493
9.436695518105786
10.177102776238302
7.983962668428823
7.972498207146589
11.465342763293508
10.561749992174276
8.694137318071734
14.742688642158209
9.666090961874863
9.03416787763386
8.230419926636007
9.918078470097447
9.101268663281314
8.787696562197823
9.926112053010854
11.899583281915609
8.820426882280023
9.160850146882014
13.48021440508809
10.315779816039413
14.668698746116858
9.598616018561588
8.303580474004368
8.881621840764499
8.905654938172823
11.769702651483687
9.108033475651853
16.452591047230015
12.744567708315275
11.11550064578025
8.38192704653191
13.251116335913856
7.854101705064007
9.008016122892702
12.331934725615998
13.642991040539913
8.823205022376426
9.011538671448475
9.693192142236251
7.5148958783254844
12.215413313120886
10.720678927725432
9.379490834290783
8.435956954868637
11.128870423858038
8.080946956335477
8.243508748938126
8.856737848402181
9.975239456595311
13.668205944232387
13.387043536574632
11.123486481770053
8.60131808456846
9.482874020982496
10.929440019143994
11.480560185360396
7.321438246773134
9.321942564556617
13.588049430748756
9.494123052585351
19.526450673049805
9.761959112742284
12.800754872368607
21.829443279449087
11.197591061908373
10.183323105167498
12.03298454170794
8.205902671835565
9.991514531991937
9.125419424128443
9.123514921649555
12.738001318067719
11.721807787684805
7.499985141263771
8.911146858383354
10.153138514886326
10.241298896203176
8.05399053871512
10.46937471667347
8.061413800352797
9.366873637434187
8.25220780329713
10.507988087641635
9.617080557891638
12.9302014700565
7.746233855978096
13.290316119219932
9.905887155580306
11.161851060342205
9.49026873480833
9.634619800785217
8.971885354225302
10.28025892422825
7.87402959654852
10.297663669354284
11.35219109449684
9.055160641663406
9.240024876292559
8.7796572992137
9.450071824917897
7.01900646544078
11.698111390514839
9.725061634246863
9.768419913100686
10.25983772011349
15.587557466260014
10.233200131467374
9.83954070449395
12.513717233146048
8.778941326978197
9.198489222714569
10.458263688672263
9.439084264158629
8.89965540041544
9.100985787912014
10.325154559141128
9.603313814406167
9.63432865682379
12.169753648611408
8.563272396860736
10.925908748865519
9.878924827160409
9.370170868730272
8.893615597792307
8.392024386544671
13.556991770368917
9.199728205373143
9.167781330316377
10.96006324177899
11.326940943620452
8.768165983601133
9.721629182511421
9.938074139874976
9.593651373108502
9.022445710246334
8.339231684125114
10.325626510017798
8.516289419016324
9.245997486332525
9.387401313022552
10.27429735197289
9.70860594500499
10.269078658315268
11.496038066503903
9.941183696887006
7.667170273680182
9.366024592771266
10.484597247994532
10.177805054750946
10.570009194426238
9.630909193788222
9.759391655768066
11.689570333182926
11.008250469699465
8.715066129844365
9.074959326718988
11.660481883887762
10.89797326911806
11.042778752710705
9.249063783203798
11.973734422547336
10.469305943266766
11.634284757058213
8.514216627524757
9.493172230826426
10.200853777812219
10.622039795557773
9.224379340120466
8.507453880569129
