cycle_time
11.607801524265934
8.539978734283089
12.176374257023785
10.718525762522496
9.55281845795066
8.885748288264454
12.333576502965263
10.61325287325703
10.110776970757204
10.658179406542866
16.21203583820224
10.228087364403601
9.306805340711367
13.64916877460802
9.290932910556267
10.339838273031031
10.334280597338324
9.871080813335103
9.716960083468425
12.070996485328028
10.263470981200651
7.952884679327752
9.7330044253173
10.164286947613016
11.907598275112257
10.779839844290475
10.024777424658152
11.293085909992987
10.624993069388893
9.153958965504838
9.257823801924893
9.053722699290669
10.009302913243346
9.958499178017597
9.26825325904577
8.446349482423635
9.90779942280765
7.536011114776587
8.085449193762331
11.15842099268315
9.904599908241424
10.548246462543164
12.639626535121446
11.03867842080562
10.5572441407064
8.898057936446785
8.627098492562515
9.3583439425057
10.800045416488587
12.966180593587868
8.655933302683227
9.404158627618425
8.09839552815967
9.242283225248375
10.6792019815938
9.91483720600856
10.620185372191077
10.429528778382497
9.267394692477312
10.076100286211839
8.633962463646121
10.305097954376105
18.93916063712551
9.22441086865936
8.77922044341208
12.529913580170588
10.722045589266234
11.600351897505252
11.697125072605555
16.000529790875934
12.556172410663052
8.396551205254465
10.399541066881183
10.930534075651737
14.777187912352034
12.439547490779189
11.640072317835928
8.235092851161246
22.742162943270586
15.16065560335856
13.952328079837791
14.71769926975948
7.825036899317075
11.819017135825241
9.531509059843899
9.57031426744155
11.531287263848583
12.268865780378295
11.274371750978675
11.41253439392596
10.51065529595426
11.631561164933517
8.505016549474337
9.341268379358938
11.047057715307073
9.59639077967059
10.018438941503133
10.763730053987992
10.807813075815865
11.421979223606542
9.998421622264257
11.460451544193118
11.535844879804836
11.519655893164039
11.102390640901076
9.652673888048001
9.653273020314014
8.710400625112268
12.86150401846743
11.077460692975327
9.596646974766921
9.91861499409409
13.569080848020128
10.376706675611265
13.579070211093676
11.125736250667696
11.99060518084165
10.95516679192526
8.900436677110829
8.505969011697093
12.485679781855525
9.427642037930923
10.773330417641832
10.536664368368335
9.010138388679385
12.87672254044196
14.239796059926839
11.72662694267015
8.999683086239585
10.188343906337305
11.8693392729741
13.57618404305121
8.31737108477253
12.115680621156402
10.50710306655428
11.28156937795836
11.23059305932381
8.414821663231681
10.061253511685118
9.582475903359514
15.093140109082388
13.405618977037607
11.639738113114536
8.77030923134993
8.906792532380333
12.25836176895988
9.797948464776454
10.023851078763249
9.142386032537475
10.39838122751542
9.258727910634537
9.131482459105984
9.512997692484735
9.194456754267478
13.625187357932935
15.467597069534357
9.957325498430736
10.212030834322508
11.842327122078752
8.083679109049003
8.062062502894973
9.074905157448255
13.487087799949775
11.750381480972283
11.256440565044015
10.274885539185506
10.26240250876253
10.260265071944902
8.89375806961564
14.745956889884214
16.56842050282316
13.622593415478686
9.682782585714605
13.348164000223885
9.693688364611072
12.48510258884374
11.934984738709437
10.601954454614214
13.716828902609059
13.582164160010757
9.111266164910944
9.284040110522358
9.525876350008163
7.882836566836646
10.188226548614866
9.441417339391325
8.818097575904906
10.586691030985738
10.151367861048385
9.741647500279093
9.47956141344692
9.993906695032967
9.94926621955919
11.611363053725228
15.259214795336549
9.648304539784185
11.234159374061814
9.037615905451588
13.600013077576776
11.030587571076387
16.230723860410553
10.595299146575753
16.172025439320926
8.677247910700919
11.937152255929043
12.116128207116327
15.52817597704273
14.23856148548086
12.576008652842097
8.94825102024599
9.29779477184546
11.264448025230795
10.45533099678392
13.793739337609304
10.048052238267452
8.093297507423367
21.99082082578898
10.894401085711118
23.737408017780968
9.361926337412719
13.880990291083098
9.59622432641762
17.77123222815921
10.127529528245216
10.322853446592203
12.088132495295245
10.443061143504499
11.252663359540502
11.05010221449062
10.372347790501227
15.872283766072567
11.016614516068143
10.37460002973989
8.618712476080267
9.469756070023957
8.771216200452587
12.857974912789711
8.80165627529266
9.936962261513361
13.691260994918624
13.120294271046252
9.403773225725876
8.072959163204736
11.51638648602074
10.472730091541607
9.231444604312658
14.910592538308169
8.54766449848256
8.85760642861844
10.410115460338899
10.611479068471008
10.85185607332129
11.592428722063735
12.805749478679934
12.623424134855632
9.625298396364977
8.635771534932012
7.558749207147476
10.427689682034282
11.978775309758532
8.898963731205097
11.602758805690714
12.406837533917125
9.195146035407905
12.453988159808372
11.610235318454738
13.036510378553462
8.144605291334145
10.85176741080715
10.455258054601583
15.789316082828966
9.95507738130642
9.742176268275164
9.241306835511244
10.98159398287357
9.96459932418815
9.529550077180486
8.652062481715642
11.002768367647361
9.871702722269626
11.630293028790485
10.246503812731385
9.993494605130543
10.350913819595034
12.660267094895561
8.84596116976643
9.883145502317685
14.01537460784466
13.098560551776918
10.968228001287036
12.46282235280473
12.45915832659146
9.960344611601265
12.499630278691878
10.600292421988884
13.474425935259934
9.500357051846839
14.29210499965231
9.895904146871716
11.45758711260939
