cycle_time
13.438082473730036
13.569512589714353
17.825463691489183
17.498483747608315
15.754260721590375
20.063974662138033
11.452289860195297
19.829894113739734
12.439483087316184
16.629807907246622
16.33251692891116
24.698269721900097
11.280526889875354
13.983420116896555
12.309246002314094
10.993337775875926
15.31756861079046
12.596933254993736
11.128951010384926
14.041455518266137
17.572018734832934
12.968414553590192
13.464318138822838
10.329405421586756
16.391736064067423
13.446359839623183
11.106419225923323
14.290838518417981
11.120753418519376
17.65949140762909
16.79200097942573
14.842021536637628
17.131922263586564
11.94426190461298
13.562617073148186
13.302439837739835
19.776667878253757
15.151282417921411
18.201719610964027
14.343528417118947
27.82629693198838
15.040835995814788
19.860328150053437
11.705802443145982
14.5486915475065
13.356147123789775
15.07356438725048
14.097243013222574
14.445264194201332
12.325991049886483
20.87198504927846
11.730008033848318
11.49602646734229
11.008894080174741
18.12938707091731
15.585147461074937
16.215124592945838
13.23737542839216
12.897059084249314
13.2503662393132
11.589625782741553
14.517177776131712
12.77163227693389
12.494723360431081
14.141307421390511
13.626491722100836
18.574601626260417
16.335396634017133
14.961610602484445
12.183912980603672
12.874448202488624
12.604501135297689
11.341437641838514
14.156823921611752
12.993113461977597
11.91358857750201
10.853825844754143
13.361778450928576
13.686975193602569
13.77090457060746
12.91608177415804
11.945902819438578
15.441068317349279
18.433260715258637
15.521131429252375
14.022510079818236
14.041443303427272
12.495440316832976
12.516917009742324
12.226868422634528
11.59277976239651
12.396624014308786
11.750303344568652
24.170509018573092
9.786738618550624
11.523920437551036
14.697510781906
15.492894783920413
17.693184172937528
14.919251310379355
19.25356620019896
17.10966504889424
11.040036298583107
16.249783015905194
12.383526514831347
15.347384931284815
13.371895372866557
13.894753945757692
13.64591193740979
13.559770394633551
14.720677926836927
13.761011137312762
16.585546108964692
25.281563398342936
21.54182901271451
10.945450829856922
16.175092839117394
11.80983275562284
16.672044882263023
13.868023961963036
14.987384082412316
13.835423673757578
11.42002116417511
14.406547184078532
14.53208818601848
13.992020957752613
13.780641406361468
13.824209470229007
15.850107297015478
14.020811392423091
15.59859148861171
14.74326654021852
10.759019525350203
12.234192474629456
16.675561246322278
12.143142416502567
19.134128003740983
12.453573752315082
11.125706935351166
11.24829548091577
11.552292640398516
12.851759706860262
13.76635312306502
11.324429715486184
22.488748155044373
12.893110436457137
17.028981440919935
12.089630245970469
12.45891317819241
14.812210481450725
17.615707882235217
11.918706397369016
16.855105015642195
13.289768369359683
14.354368122589387
11.961106526034378
14.524142677121347
14.03910250640562
17.303566032294942
12.292005110560583
15.802600783585925
17.25333153436569
16.152051900980645
14.98022619651196
14.239477854968372
14.322865812658952
11.918131427898485
12.99976620848697
11.493681855282837
13.477029011298594
14.761941054462257
17.21472176302779
14.547305014690178
15.761444860888368
14.033811914734054
15.155634904382293
10.338020903559038
15.910445076006527
11.951697756695657
18.246157361432754
13.038011218746908
14.40956041581017
12.399652310230326
15.448079250603367
11.96201448123432
13.459405518066013
11.313956940209668
14.453451811744605
14.442373608723672
13.93734779103749
10.898753406139372
15.3179376568279
16.927216684456
15.71426843737301
16.34757240488712
18.017921839617586
13.953326496188298
12.642295353010196
19.50642443929261
16.492768089795693
20.872877719590146
11.608290441430803
12.508680593823518
12.370045774724945
15.003155288769277
19.323064874338083
15.015321058911786
15.117376039602165
12.429832732178184
30.647082623275388
13.031668946821572
11.666975258856137
10.650903230653183
12.583602915699231
14.823138247899594
18.26977879660535
13.668386353189923
13.026079906156344
23.413353939607255
12.838873509795102
15.70039372550512
13.318145885956646
11.267838032458418
21.249350893121964
14.233664892414753
16.56173977745542
27.463630578942823
17.25925364983601
20.01363940646795
14.587539659122706
14.21221702102604
14.525966060795838
16.55779986401155
11.411390440069097
15.624899468969838
16.223211503676882
17.492543683613924
12.47148778543048
11.549549097632221
11.692056734747531
18.79565340334857
12.084757937063928
14.789469737108107
11.377038035539089
14.383337530597958
19.8792838363222
10.466149313887275
18.425850366505912
17.051626403597663
11.55804293239506
13.860709907797087
14.822823648521581
18.35406383275443
14.958487228575558
16.09163393888573
16.055013586067066
20.124158468887508
17.52929790136799
12.427555962547435
13.032838123433002
11.274470607669016
16.47571717541836
13.927672140590646
21.806957863680218
15.15556864693015
11.395671049530774
15.895488895085428
12.688872799375684
23.33270832364092
9.63463522239486
12.061178297718987
15.421350753077201
10.932674513481402
12.33395100743477
11.625321320570974
11.833298433579749
10.565960708584457
19.343059779992885
15.303723427289908
16.349597388457063
14.163009998547908
17.07155794379135
13.88052026152118
12.137610803577285
10.97299089746555
14.972219686416773
14.941348995058922
12.822578703710015
13.607957902287733
11.841026666396342
16.923455896460812
12.802861789846373
13.138338537504472
15.69664282279227
10.94426497682494
17.340054803044193
19.66457904140595
14.42416568317847
12.839840921002956
14.671518899025022
