cycle_time
11.030816618780916
11.044440520192317
13.69821011885768
11.205766791882665
15.722632686913203
11.504536925764821
9.28374567741463
11.859011107251755
10.1453633561388
11.300731560821543
16.13249431839945
10.432837738418844
11.437424818573971
9.840760507840605
19.97651741571273
12.33748189364078
14.725434535097444
17.557008079828893
14.777378903099173
11.884627368041501
14.018073101950401
10.921711012957697
12.315261669112678
10.683183303684647
11.198528045285107
12.34067742470396
10.288870806300471
12.77337622406517
11.402981536858428
9.80441276779985
13.81141662008053
15.663301715409863
16.017068066362963
11.871214650938324
13.118535381173995
12.077853752784442
15.559869930494012
11.080121342778398
13.620977492089308
19.11476160183377
13.153357916449092
9.705446499591362
12.769982626211943
11.604630802515771
18.263206420307075
12.61943230744008
12.520820481913384
9.040801311448478
15.32438264155252
10.702445063810686
9.435436178789278
17.34397127368871
15.27585123823924
12.840278218955609
12.804559025457541
12.168701362524981
12.64250207645014
13.354428089089033
9.410747480548391
11.431685513232921
13.373147077892147
9.56756403613807
10.680982958903146
13.663757455050666
11.426416790440882
12.318141627664154
13.844561237017816
11.162127864756078
12.31355272061297
10.254843852860265
13.330467728406743
11.808342154991319
12.21205416105365
8.993418807733061
9.744346903415007
11.458201409094473
13.544058711041162
10.968702313518941
12.037332117179275
12.416655186493792
17.31696071858925
12.697871857470483
8.396738811091351
12.471641088320494
8.968578069813304
12.035258716641724
9.095628501625013
12.284556560524967
13.147387754298107
10.566726478599517
12.201223480229606
11.979498184865502
11.969131311618034
12.251116507222306
13.318166119411462
10.65248540824076
10.713021353250964
14.101701335379827
9.724049123432003
11.50303552001396
18.903186554692077
11.414648954060171
13.882006247707475
10.532899680478113
12.981024473441058
14.810645635303715
12.617075337349924
11.562306649664666
18.064627334696056
12.824681487049487
11.52849516184678
10.938175881249244
13.553303170910233
10.023379625664242
11.30003552017127
12.407646876743758
15.160193103199251
7.903453673750201
12.346778307591979
12.43959465969504
11.423020289779862
14.705119084968107
11.38790735565236
12.148895856935015
11.203239726391503
11.863570639801035
10.3945687058934
12.031075582851551
11.76160914105034
11.052522346166768
10.022286666486563
13.548663367830427
11.261053994993189
10.813501278187772
10.06096800765726
9.994894199166321
10.040415573671838
13.215891414796479
11.146335721959932
12.199961987220378
11.207013358139148
9.141378684700225
13.26266506488389
15.593456602351502
14.05721028433892
13.820343130656216
16.346608522319876
11.330941656793701
10.808722573183552
9.376162720417511
14.395159564434831
10.69160346336864
11.790790083863028
13.190557877284038
10.611251364688854
11.34144588170053
14.50803919914375
9.041371372514956
10.750126346967933
10.644075192273048
13.928262282109223
11.868015571132654
14.434438907117073
13.30498229752075
14.272249087350795
12.349033942510227
10.236026980540858
11.481722667441804
14.776617394835025
11.928607549394732
10.115394090931993
11.280998350330192
12.323451681951502
9.496098885083404
12.09445774716048
10.634592186600768
14.538957624751792
15.43183838931379
10.582273385072135
13.084792804864433
14.045146832388374
15.307218362294792
10.676465229510576
8.774137516981213
11.731950637884271
8.786824481614309
9.473967885433355
18.338404926236063
12.183410547229737
18.17284344732543
14.519793774405727
8.967867498866998
20.093696286672277
14.597818090817748
11.237733343923235
14.857759469461353
10.406857744941528
14.186339097114931
15.818330194209473
15.070930120124997
14.659618588787769
13.006496949398354
11.106674372226692
12.158181752553284
11.511512728772058
9.40490270944402
10.700811474800531
9.70075160643154
12.407465070460605
11.276625578954878
16.15418939592886
13.620201705006313
12.385343847569445
9.386122909942111
16.827660476343862
10.347162497900866
14.837387640982758
10.429174977652094
15.44202355473273
10.014734875777085
11.717572702794415
10.558579592113952
13.818735151888164
7.548721390400328
17.32681898116224
15.873795650072134
11.103042333976315
11.115249090440877
12.490182943240923
10.342238767169672
10.312418736766634
10.953824344650284
13.805755988545132
12.2933399489209
11.768031330299744
9.574981855935802
14.696795790601058
10.981386075114932
10.958440700761251
11.60186320015058
10.791148630356997
12.776463311107857
13.134955545287669
18.941408086390457
15.009847702533808
8.933701039361173
11.194251473960046
12.37338013626167
8.84062676460833
10.99760260888438
11.290557496347876
8.625989608039324
11.260115550999155
11.380936889558523
13.021215834484394
11.368478420832249
9.40570650830251
10.0028391981875
10.708061512652963
11.285395649010761
11.456498426900044
13.414994561292936
10.158129777827046
16.257031681098198
13.4307804050646
9.093941414113337
9.068303187455827
15.264444754997408
10.801598920777327
12.322676781844983
10.30168449303371
11.092865850900242
11.815468967484467
9.505398089299492
11.616041949645739
14.428344046800497
14.987909969630275
9.219970389599874
10.629177562528096
9.425360087668702
10.435898477683777
9.779404262841025
13.736994420691422
12.848411460754003
10.956580183271232
12.448157025741136
8.816405948864976
12.693474818894249
12.448059498499108
13.937462842080896
9.828230896693514
12.529624626601981
11.630502878638852
14.90314594167313
11.175961142884617
9.71336264629489
12.191645002247862
14.229275288014003
11.57923121339548
9.892481049152984
