cycle_time
5.328804866745843
5.702252171531156
7.048230339842613
6.788237688246457
6.243800576168675
11.651616550550868
7.022277071134918
5.302458478199287
4.660622453196731
6.508593577086102
10.34022272643552
5.86232325989528
6.975655091328022
5.813560439917693
9.459839495690574
7.352701781537627
6.05000712353172
6.763485699972637
5.124448749610357
6.374027452259345
6.969445773793795
6.385539353266376
5.194601183120124
5.64069144227916
8.70079682729104
11.092343942267311
7.335426504580875
6.394763448697086
8.282405867645174
8.627576902344105
5.979456223747068
10.320029576282215
5.784617248576984
7.287360295855056
7.781032164805467
5.963696786555836
8.829756678742934
6.012765101162992
10.967726689834436
8.256465828705329
5.4832262698071315
4.617363207472035
5.4775652912291815
8.560574795023186
8.009561382553109
6.396078126113829
5.757767523678926
5.931246498513946
6.9943506869992635
5.851241070125659
6.057560759823383
6.312737241490387
8.400448689315278
5.611148271531436
6.630851618340403
5.152708751206746
6.142436054141581
6.190274844730794
5.500501285625528
6.887301463470304
5.56721187088901
7.722080854625054
6.404985562191111
5.385874376250289
6.629390075672334
6.183909390662211
7.114376083424515
7.770145367948296
9.867322638978631
11.381059701738026
6.2777399967757805
5.909277154229799
7.275310920695713
9.334930146398719
6.845954374069544
8.133807231504802
6.809732279171434
9.390644095493363
6.29235567010658
5.94236635879707
6.275743256382697
6.21968643358331
6.686439491633326
5.789933580841267
9.07686866871575
6.34821977485182
7.983449269269814
4.571625742617794
6.0461060594873715
7.8684828581752235
6.833631648716563
8.86259969204618
6.101885531274933
5.797950219958672
6.737255116038445
7.671408098048665
8.3980837956407
7.155463209535074
6.864175261020462
5.694810468608819
8.013504327981213
7.460129369888543
8.078013894839666
8.451301445224617
7.336719770363544
8.39127570075068
6.670321504859886
6.3503238298241484
7.318809081728588
8.352910748319466
4.928500129428179
6.138732955553998
5.534959320047216
5.871690696762108
7.947909558848375
6.399121713682807
5.5478945374273385
8.102418595410127
7.295488847647658
8.800308926964203
6.5839453614847345
5.460962763052824
7.5780415758082595
9.339172799049868
7.79321125277174
6.579330017558618
6.948106304287711
5.210612371551988
8.617803190731715
5.827743911455569
5.698021966933024
7.018837614468134
6.398989788917084
6.61405002944392
6.382955714943785
6.334765227668311
7.667992777505216
9.012717272427912
5.804710908920619
6.426299372108902
8.14680700496189
4.76222036933967
6.08409399957648
6.170813310137037
10.741589023577971
6.9605946386088
5.9833132217658624
6.171168886443403
9.050689817932025
7.235643056940276
7.01075770429189
5.925776006466924
7.310290551782124
8.632281959257117
5.101747655709077
7.893448066901468
5.640988115100813
6.666260873018794
6.099824077244681
8.299725990043195
6.5747201012606915
5.544999963811394
8.356715720134094
5.687372739382604
6.824281470680575
6.535565829113043
9.272263902781713
5.959242507164348
6.910799946157112
5.877393044003074
5.8695736595137245
9.780449928702883
6.542783888088602
10.035161681968379
5.334894260376131
7.941440720890718
4.625924610498884
7.28626313080325
8.035825959520889
7.422126611109038
5.610138377950448
9.363505287687744
7.720231898394775
5.6803999471027655
6.739828083495592
6.929465206767931
7.371339308496827
5.509492952929322
5.310561643031985
6.816323468190745
6.21889416196021
8.163871134155478
5.682282564805813
7.300517854374397
7.66683077465752
7.097723735202066
8.526974121456968
7.475654242396339
6.157780331528435
5.712579279999371
7.740922507486202
7.039378110977334
9.711712793662821
7.098269952632946
6.583966852184502
8.07011998212633
9.013363207657582
5.7649978909857
9.050958419639661
7.009331886723244
8.7153510409953
7.954642425996109
5.453445098555092
7.634852924498741
7.401696268455242
8.227560802224005
7.962433339053257
6.126205438791479
5.438124404856429
6.89204630150149
6.957878995885186
6.795257956040809
7.3882496176555374
6.787236250160591
9.95963001639928
10.00388389863157
6.656756455516491
6.122110338417645
6.137063716953207
6.472116559074187
9.745448678792235
7.392565822327774
6.5839250434568335
6.5455477158600015
4.76784268288439
5.80694682610689
9.002668191494404
5.183324177420742
5.867880413765156
6.555144099633382
7.1602108778357385
6.469757204030062
7.142334870495753
5.060602277155166
6.680368748607264
9.573914297697511
5.311561271387037
10.27338065910287
7.679006133569081
6.127416088143233
5.169780091313512
6.794680005369627
10.327646918918335
7.04307740579194
8.74870045744752
7.753667876112637
6.688269065803472
7.015658811610205
7.953736240383581
6.418327328300331
5.527001698961047
9.084208285561472
6.073166614096564
9.78680990231592
7.730110357185755
8.238164542659682
10.28791691224745
6.5330800679772185
7.223977628634582
5.495655309914528
7.607774983965152
5.550173911994399
7.0207085052797105
5.648453291496421
7.375314541137107
6.0695817073869565
6.7804868126455515
8.799176074122766
6.6376962070395855
7.623173300172794
6.156273842879665
7.526708208450856
6.998647431248847
8.48053195810955
5.91721795679508
5.803030070111861
6.009848567148552
12.073837021034878
6.546439196436086
8.410132509249276
8.143401186000762
7.0066225737455445
6.635207670673939
7.080671640632491
6.380644563688504
7.856706573247174
7.251267732553985
5.989479815529236
5.444188186833464
6.313547117826813
