cycle_time
6.1382641593284974
6.257436566389768
7.1218689190344975
5.6222183347921995
7.389723544072467
5.2964429279853436
5.401455563977991
6.624293576279106
5.955384866002687
7.436187679786165
5.042750641004119
6.104000423426605
5.695170754567453
6.703740551899593
5.195219033653734
5.786682463361331
5.906103756230429
6.561288980729296
6.171156881319709
5.637740025951211
5.0704917746169285
6.119546510336464
8.555276489133673
6.499511619970891
6.275185848711399
6.274920961513252
5.8172389351371985
6.839818409152103
5.4470854763119405
6.260419489293967
7.207366144073724
5.93772507067664
6.5876917021209325
6.2009582653922095
5.067798884195225
4.937154483762669
5.051467770121868
7.329851998635625
5.949563329995398
7.54995186229664
5.267475111476718
5.528551769545378
6.876174906885336
5.706273706746512
7.845060862280484
6.148390622326761
5.332883474572984
6.1149453439662285
7.464775541714628
6.056297223159199
6.711000724931515
6.145329541965753
6.746137296698778
6.593603078478733
6.519824051019325
5.415021328062458
6.116404160690467
6.908931320327169
5.28073670656812
6.161261144526191
5.589264358576015
5.724173208549676
6.235775782302374
5.490385618655777
6.619785516480399
6.151854233006419
5.034940264374936
4.486510871756725
5.9572193139284515
7.022976975348453
6.288752787838132
5.271016382447674
5.1845492580139405
6.953765243431938
5.643705676242768
4.907821759744811
5.681109426034635
5.1415171383935965
8.46480736141252
5.558320668479427
7.024933483408848
5.5949725612558465
6.362404278315043
6.251423954808172
5.908845748722206
5.813657347766867
5.948311812192357
4.868769671167639
5.560415159946821
5.495108845160645
5.0120525085772
5.996928224358211
6.0080406419374075
5.2676588203434305
6.358085309419401
6.316642315078924
4.946588134429642
5.098562887536492
6.706954621983358
5.271175318205223
5.365735861267147
5.107152794519827
6.373267920300802
6.152584780567034
5.159792592595592
5.906697621227847
4.576775825220895
5.144932925410598
6.048988196772294
5.428983257382577
5.635849648141798
7.095997012490682
5.613182564924279
4.589386095666729
5.534773239006829
5.271158030266534
6.234028992751404
6.069634870202894
7.176656088046484
6.354288600517197
5.055700414586234
5.497523661435731
6.346831379476629
4.988680800270448
5.648535547729439
4.9207574418837545
9.35416190708902
6.368054647782227
5.145777016500862
7.191521986402074
5.161810383877673
6.094535662047273
5.094831651758627
5.233483935716623
5.762153798993844
7.195320178903437
6.62514722938374
5.784834072279805
9.14806680040129
7.255075308846108
5.505176648728351
5.828642932155172
6.524785693418162
6.035396153169212
5.457334560849555
5.562185724159502
5.8575413808669685
5.210734656674044
5.940044558997643
4.965673436316392
6.83972794453501
5.548409950417534
5.8523505691100555
4.382567336756939
6.263556528041774
6.280676324815803
6.01719865752177
5.892149912971561
5.333909354290033
6.210098653374912
4.506111766581219
6.212317381351976
6.514446943043867
7.912626144762682
6.219975125031637
5.808736587565515
5.510863950238571
6.296649123151279
5.8400558346326
6.580609089022902
5.572065898384861
5.323656541400534
5.938874504793726
6.681553207776118
5.730777933788593
5.829012061642177
6.0676436039453145
6.489483079546864
5.536388844833994
5.2606435930412205
7.141623714360209
5.336748099404907
5.43276871394688
6.389096786482895
4.40375488901396
5.327555542139851
6.218086583076454
4.708350229832565
8.047642820665832
5.586721259561566
5.718646195106999
5.881707860840874
6.576229826614475
6.577434500370213
6.424264282704667
5.3799781455207984
5.157274365061424
6.528768005117632
5.856453796179161
5.909769621955051
5.361178116284148
6.835821933397932
6.133555764049385
4.93316202655536
5.4526385435597735
5.456514829935937
4.9151241809730974
4.843198783061836
6.6558382429299225
6.228802206103986
6.7255470713995775
5.830442902417674
4.793578296015524
6.046656661918011
6.433820896520152
5.839856648947915
6.101123544088296
6.066652803083633
9.355612025178855
6.74095234395443
4.969497434196421
4.795612022441098
5.018512307064525
6.413566163033177
5.64450492466427
5.287250555207934
5.283492938712437
5.368950024649955
7.881267687692637
5.000735485588509
6.12335062865215
5.790571423542918
6.5996513438598905
6.349597776099458
5.5400522838784045
5.1315588022816
5.230263499912479
6.406352952014078
6.261360494952437
5.001089169193994
5.330124047273142
4.58998809502142
5.781264488829224
9.223924727021366
7.616515235169938
5.131451389850843
5.177653654591126
5.078532781782727
5.158154008671463
7.064070881616664
4.785382290037814
5.6374705062997785
7.578938976845921
6.291007808827331
5.462017802771793
7.04015622575548
5.881718991758174
4.096676261801716
8.11695953394758
5.395938283567701
6.269299992645309
5.014343812352067
5.647728434222153
4.824195905772368
6.201152214017799
5.9142689057039055
5.334759726835954
4.772987478230553
5.741137358814184
4.922504585640315
5.940770476952759
6.586409676829493
5.061932725903669
5.781380725402747
5.38082942542462
6.646801951810816
4.86980916648478
5.020405908304282
5.211191541660898
4.781480094784073
4.569096813501738
5.81437837948384
6.100911340396391
5.259487327568687
5.0978589821937454
5.579607309490299
6.179060821518325
6.42684244384347
4.806187619619818
5.502408295952963
5.87431207021732
6.598328160277805
7.5582100376394665
6.42821572144269
5.784867460400986
6.835134646140419
6.058619551168986
5.4074950525135135
5.66731192142568
4.1849897625590895
