cycle_time,spt_policy,fifo_policy,shortest_queue_policy,longest_queue_policy,postpone
5.440766626436948,173,165,497,165,3
6.354524111798845,138,204,496,162,3
7.72176858982809,132,195,507,166,4
6.181386167601343,141,193,507,159,5
9.43889069296478,157,182,469,192,6
6.90063824178488,142,183,497,178,5
8.027930692074479,157,186,489,168,2
7.720972914601777,161,184,486,169,2
5.454571903285432,160,183,485,172,2
5.641172839939542,151,199,486,164,3
6.398116254385703,159,177,490,174,1
5.063067931610667,143,185,489,183,2
5.620287656927671,147,191,491,171,3
5.449801314354741,134,173,517,176,2
6.5913543432794794,171,182,489,158,1
7.485536735976575,154,201,465,180,5
7.193244028321698,147,176,501,176,5
6.105697689687819,149,186,477,188,7
7.277954361830749,151,213,473,163,2
5.996024820499393,146,179,513,162,6
5.711251550373648,156,179,494,171,4
6.782467370145072,149,192,493,166,4
11.184008108308756,154,184,486,176,1
5.4225541703537345,147,197,513,143,4
5.753142585804164,138,180,491,191,4
7.734836383320019,148,168,508,176,3
7.215156388873413,152,194,500,154,3
5.664238952120427,140,219,489,152,1
9.47247530600312,150,190,487,173,3
8.111104736603862,164,204,459,173,4
6.498856018782159,155,201,473,171,3
6.858597555768439,160,186,482,172,1
6.406130645955195,155,162,494,189,4
6.690800608729913,167,181,472,180,4
7.171201936118857,155,197,482,166,2
4.7760663540106,144,181,487,188,4
5.717535381499559,170,182,477,171,5
8.146868659088637,142,196,497,165,7
8.472005036165802,161,168,495,176,4
7.7219978147220765,170,186,497,147,1
8.356317218656974,173,175,452,200,5
6.090501041438089,167,199,482,152,1
6.226946739330882,167,195,471,167,3
6.231245646349711,162,166,495,177,5
8.143669132489563,142,180,514,164,1
7.730333484649531,176,184,478,162,3
8.658966237764755,152,189,493,166,0
5.448341069122816,128,206,511,155,3
7.9551019417098585,178,189,466,167,2
4.88769431772775,133,194,510,163,1
6.708925029518599,148,190,498,164,1
8.385339080462469,155,206,479,160,2
7.033400570699104,155,190,487,168,0
5.8669835952646405,159,180,497,164,2
7.9147418882010045,141,210,471,178,3
5.166470788049265,142,209,480,169,3
5.491402491258207,149,190,498,163,4
6.9348358265776815,144,177,503,176,3
7.5655785863580896,130,182,505,183,5
7.383829137815537,157,188,495,160,4
8.100066132210506,154,201,464,181,3
6.809451076919655,164,185,469,182,2
5.029323473522022,181,195,467,157,0
6.091080453117105,156,176,486,182,0
6.91449352317058,152,178,499,171,0
6.097375063151504,157,163,510,170,0
6.858601243849037,167,194,479,160,3
7.150706987288117,157,181,499,163,5
7.579181273602012,166,173,484,177,4
5.900337966074078,154,206,475,165,8
7.27330501965604,158,193,483,166,5
5.433175402385846,137,191,506,166,2
7.147017943050492,149,183,504,164,2
6.012859804029752,145,191,492,172,2
6.4387874299960375,132,195,495,178,3
5.890439824568923,145,184,501,170,2
6.387207892130188,164,205,455,176,1
6.345626672861439,147,190,491,172,3
8.59610950225957,150,189,497,164,5
5.625053472403932,139,204,482,175,3
6.146423334728102,136,205,481,178,3
6.604409929502094,166,190,480,164,4
7.360083463267012,151,172,516,161,2
7.0425713478784235,152,190,494,164,1
10.716289405100595,141,185,508,166,7
6.670093172202768,154,196,479,171,4
7.880923475579828,191,176,460,173,1
7.273594191757851,141,177,482,200,5
7.219435155331777,153,181,493,173,0
7.941148348530658,148,176,502,174,5
7.479153072268906,155,180,489,176,1
5.97087515598797,143,193,487,177,4
5.110875137630396,147,175,515,163,6
6.531923653224032,157,198,462,183,2
5.871985790270793,147,202,499,152,4
8.197730149813834,149,200,498,153,1
8.06902275365719,154,180,477,189,3
7.42721174173205,142,187,484,187,4
8.122656716428395,167,189,483,161,2
5.37203089092987,143,192,490,175,5
7.806201957896883,135,188,508,169,3
10.533655849602093,156,191,457,196,0
5.202601774733711,133,187,521,159,2
6.614358101184892,164,201,478,157,5
8.138126511550505,150,179,507,164,2
6.717257095601893,149,169,496,186,6
8.521060022871923,150,195,485,170,1
7.420409751968115,140,182,492,186,2
9.788184683926358,145,186,489,180,5
5.858648864685427,146,195,503,156,3
7.350300967934827,138,204,485,173,1
6.416513997678398,170,183,471,176,2
5.283767658045157,158,203,459,180,2
4.926865549955356,150,172,509,169,3
7.396957951937242,164,164,507,165,5
6.936430941840364,129,194,508,169,0
6.108542017079181,171,189,488,152,4
5.356351873362365,164,179,480,177,2
7.590500097211724,165,187,490,158,5
6.921804540032083,165,158,500,177,5
6.736302938077858,124,199,513,164,5
9.107380763970669,152,180,494,174,4
7.418548135507675,149,201,477,173,3
7.51999769977007,160,200,464,176,1
7.234495878054894,162,189,486,163,7
6.530387490223842,158,171,510,161,4
6.148261892715979,165,181,465,189,4
6.247717482963307,156,207,467,170,2
4.752104880772686,159,183,491,167,6
7.0549687431634975,169,185,464,182,9
5.354729210784502,148,180,502,170,3
8.96374631241446,139,179,509,173,10
6.187642624869971,165,174,516,145,4
5.444478876214439,155,164,525,156,4
7.124473604723114,167,172,493,168,2
6.231884756291368,154,189,490,167,3
9.800248887565852,154,184,491,171,1
6.819739328573202,156,187,507,150,4
10.641392316349428,150,174,515,161,3
5.937835948175363,152,191,488,169,3
12.83783213861242,158,199,481,162,4
5.412533463589516,164,181,487,168,1
9.122105173170802,155,201,481,163,3
8.70928877626236,161,179,494,166,4
7.52625794136768,162,192,461,185,4
8.060588657721853,157,184,487,172,2
7.01197074978037,167,176,479,178,3
7.106980039321168,147,201,492,160,5
5.590770516106385,132,177,516,175,2
6.78251012826102,142,187,495,176,4
5.843587369143281,166,171,493,170,3
6.827147536710637,149,200,483,168,5
5.653291360066891,168,198,446,188,4
7.0242659078219996,155,200,482,163,3
5.6809003894045125,150,193,486,171,4
5.439214293219844,133,181,504,182,2
5.224022366268076,153,197,463,187,4
6.396984971266558,145,198,488,169,5
6.220545281711511,151,176,503,170,3
7.092358570996005,157,173,495,175,2
11.705898127180012,147,184,493,176,3
6.634908493166129,152,189,505,154,7
6.297178642141601,160,215,478,147,2
5.8154249665672655,154,218,468,160,1
6.351909942228183,165,178,521,136,2
5.271420152661845,160,180,488,172,4
8.89754466398739,169,189,471,171,7
5.679235071955338,167,182,495,156,4
6.648305239447578,140,194,480,186,3
7.037045783197831,138,173,501,188,5
9.267377979905538,161,200,472,167,3
10.666841600318826,151,164,507,178,5
6.754706173844562,154,162,513,171,0
5.892482611168544,138,203,504,155,3
6.57111334099304,159,179,496,166,3
6.37012818156969,160,181,500,159,5
7.564365799438999,150,192,489,169,3
5.626374248432528,144,198,482,176,6
6.575718957799884,131,195,505,169,4
6.967482239280143,155,167,505,173,3
7.631928917573113,151,183,492,174,6
9.194044580263924,159,172,486,183,4
9.022654706953382,153,186,486,175,3
9.761056266200004,143,200,489,168,1
6.1803606857373845,159,184,468,189,4
7.8618300907904555,143,176,480,201,6
5.655465693023187,140,198,488,174,3
5.476623525940334,141,193,486,180,2
5.968391755961331,152,199,488,161,1
6.588383009805455,158,189,454,199,5
5.7771393185283,154,226,442,178,6
6.658863596792635,145,193,490,172,3
6.662174543233526,147,197,485,171,2
6.835846638418801,138,200,498,164,8
7.950082130008438,154,178,490,178,4
8.666652685909357,151,195,495,159,3
6.031669325956495,174,159,506,161,5
5.19393857103867,159,192,475,174,4
7.039644426395175,171,198,475,156,2
6.519961591839043,142,194,473,191,2
5.801643958703753,137,176,492,195,5
7.400994187130552,144,191,505,160,6
7.862844670994852,160,176,466,198,2
8.389550948977753,165,193,477,165,3
6.573768401518326,172,179,480,169,2
7.57923305983746,138,195,514,153,3
6.137539016658582,144,206,490,160,3
8.1331732931551,147,210,494,149,0
5.13835897582765,144,173,505,178,3
8.22983204151455,160,171,472,197,2
6.125962568684056,166,202,465,167,2
9.103851302882045,153,202,487,158,4
7.780601796923373,148,187,499,166,2
7.18947125531125,145,192,472,191,4
5.502871765648247,162,186,483,169,4
5.631471814053895,148,188,485,179,2
6.167343580484283,146,184,485,185,3
7.491048940333505,144,179,504,173,3
6.959707637262934,146,214,478,162,5
5.882492191939291,173,196,452,179,2
6.931255689855778,135,179,530,156,3
5.664650961294067,132,206,503,159,1
6.160050695241865,144,202,488,166,3
5.790277425781342,172,188,485,155,3
7.119216554441633,160,172,480,188,1
6.252189864771565,151,179,488,182,2
5.988767891490997,139,171,477,213,7
5.279399410049951,153,186,480,181,7
6.505603059232351,139,210,464,187,2
6.566550557364691,164,183,492,161,0
8.070419095083105,136,176,492,196,3
6.956375354566216,169,182,463,186,1
6.535936354700268,147,199,483,171,3
5.17758097804105,139,186,498,177,6
6.458974806969006,147,197,502,154,3
8.227856254420455,144,185,473,198,1
6.687490681368694,164,190,488,158,1
6.272779892091206,162,181,481,176,3
5.47036543275528,160,191,516,133,3
5.50593663072793,142,203,497,158,5
6.20363091662122,161,174,502,163,4
5.114440924974139,164,190,492,154,4
6.208484857650391,156,182,489,173,3
6.638541078915695,152,203,472,173,1
6.288960254499576,167,179,510,144,3
7.463096345234343,147,190,490,173,2
10.04152643566386,161,161,496,182,2
5.510452039879921,159,203,474,164,2
5.236771823151766,161,197,463,179,4
5.3548538418882945,155,197,476,172,6
6.230831468089978,155,162,518,165,1
7.137262391843925,166,203,453,178,5
5.0414370664638986,136,180,493,191,3
5.868549164784427,126,196,481,197,3
7.2178009176170335,166,197,466,171,2
9.252064105396341,157,199,510,134,4
6.325856681277296,158,195,480,167,0
7.083048333966493,152,168,511,169,7
7.551687564676902,160,199,463,178,2
9.926313749615321,158,201,503,138,4
7.500317482065041,169,188,489,154,1
6.130682929611083,145,186,479,190,2
5.424086718875231,162,186,499,153,3
5.772590948891867,178,200,470,152,2
6.799285028215757,154,181,510,155,7
4.703273881609644,162,161,513,164,3
5.635753083559902,151,182,501,166,4
9.965233202518743,169,197,473,161,4
13.09897494840908,150,208,484,158,3
6.5682655742335045,155,186,508,151,0
7.998846140846757,179,207,456,158,8
10.328357620422516,155,188,487,170,7
6.644966373844968,153,190,495,162,6
6.3818263469290875,155,184,487,174,3
6.112536278939071,161,172,500,167,1
8.255129959839161,158,179,497,166,6
6.656269497700957,161,204,491,144,3
6.654746268164717,142,188,505,165,1
5.799363388145124,167,170,508,155,4
6.775719633519515,157,183,488,172,3
6.8458120855855205,169,218,449,164,2
4.889075901440323,142,160,507,191,1
8.045403864721774,144,195,469,192,3
7.480172543001682,160,181,495,164,0
6.204367913034685,144,188,492,176,5
5.368244384582757,152,190,498,160,2
7.269152444719456,145,178,506,171,1
5.191701300285224,159,172,504,165,1
6.208846100610157,140,193,510,157,5
10.129900146949607,159,220,456,165,4
6.887942503707266,166,180,476,178,8
7.506503643593437,161,194,463,182,2
6.50062263131433,164,181,491,164,3
5.942106030737439,143,190,496,171,1
5.144571031544438,146,163,529,162,4
6.59474697142558,140,197,496,167,7
6.648828749985142,149,186,495,170,1
8.30299593655674,146,194,483,177,4
6.658480734281128,144,186,502,168,4
6.199923847062114,157,194,478,171,3
