cycle_time
7.5766701447851466
8.184623035954008
7.240554577209033
5.938074273956505
8.12837182641527
7.733125710335113
5.969133221943823
7.046332725649806
12.718983914568
8.351144713018767
5.354699457864219
5.965749078509044
6.595371496956214
7.603628153163952
5.781785048564172
7.727130755316366
10.091102291812366
6.49005109937439
5.910538951996809
5.35080565957171
5.272449934752714
5.5589468810110665
6.86262207972933
6.587084209798175
5.74920465610113
6.271313970857432
10.170878240934428
8.810734294746352
7.358626631584037
6.553045267102715
6.873619497233538
7.681191021064317
6.638312806892374
6.323206970433218
6.648546166028278
5.328338707538477
7.368692212715238
9.571773435519928
5.76267848975198
6.88958646199428
5.7067388542335
5.517750782095818
7.34131736736565
4.765450346738235
8.041475184865378
5.932833614358207
5.669832756844179
5.430879242982649
6.243566775385971
5.236018855141045
6.539930103640211
5.889749317083199
7.2313864289994205
9.05973879729255
6.158747488691484
5.694144595831211
6.339695817220164
5.3749879002057
9.272404741018489
7.874729067000817
6.967032595873767
7.5971954681935365
9.213443695889474
9.424751479098314
6.345016906047408
5.761126509536567
5.871491241134563
7.393734866819587
8.48902102988027
6.354057870956594
5.409447812372919
8.061933693995737
6.188686917280487
9.378859050612352
5.3126051913469645
7.053842158262623
7.511696811874694
8.363681779463645
6.976530455956196
6.294615123705539
5.083211070336612
7.726090081576962
6.883400621402611
8.063399445010813
6.766973740420431
10.063356239749188
5.488041006670138
8.463110712025196
15.614255328581239
6.5900234057227065
6.70947905613899
7.047168142428182
7.468848935723348
6.510700959453908
4.703831096733977
6.869829277570037
7.689331227192219
7.559447897965722
8.227555067201939
5.621105466764941
5.654531880741903
7.714866369580089
7.528769560405672
6.571599069966041
5.28950599316878
7.005484204343529
7.1421237949797
7.888735355823142
7.020195606654139
10.648913769829072
8.568951365179394
5.723105966317888
8.690341960598747
6.482094482616677
7.455845165294775
5.544013287544672
11.381809241668684
7.2498966814755095
8.364843436966217
5.1824509048009455
5.699363703267529
8.310010731379336
8.805924248170994
5.853150286088997
7.2092588201597145
4.8779596070017455
6.79806066414781
6.0600952189119015
6.112118622123284
6.933933563213733
6.854282014059012
5.859279252470432
9.678715928533526
6.2684182629793215
8.205352054525855
4.8379451458478515
5.848155232679825
7.247609046975148
6.348750877813306
7.614596496325648
6.290963313477154
6.983092904248681
7.045227723654728
6.5010299626523285
5.9881593784876195
8.232380701079475
7.222384366337413
8.025102607109986
5.935119150682573
5.890229704604255
5.01436410260656
8.658435470358091
5.846244655408488
7.822723109957973
6.362775054028903
7.386311947552863
5.427042874335646
7.495928224848888
5.643808723924016
7.411423231004647
6.944331067680693
7.91976801890878
5.609333178826195
9.437150682031376
6.202639165665784
9.857481407925784
4.864397413475958
7.496891293689309
6.146942906244663
5.3607706839345886
6.0161704254644865
7.141751058440861
6.171400551183438
8.687605091549838
6.555056329444868
5.630473800837917
6.308533492640607
11.160259550680125
5.5650262119555585
8.622692759447197
6.291190440072004
5.380876291390568
6.360358389323463
5.121049475588492
7.114680912712159
7.898413972335365
5.544803405062099
5.339484842782055
6.490112106579059
6.048427487556687
7.056986187136852
5.838767712580595
6.922826287969322
5.31910299278135
7.148322661002695
9.679974234772923
6.535575886978727
7.8863209773950125
8.125732506060366
5.78199960527437
8.427663224779804
6.609731567117098
7.280290176040882
8.057151739498211
11.333279581884701
7.242040459442372
7.476737414969654
6.935753521343148
6.333975412609268
4.856422222132489
6.538222813072701
7.148679427428767
6.897885537099897
5.531829840127945
7.140360416965686
7.114048304732856
5.110663928649211
4.973308085399836
7.723903239928843
7.331456208471503
5.261397687260271
8.891943651522848
9.53841253759544
7.351002580953189
5.64456205583242
6.663118125549795
8.566703261284346
7.499917983833672
7.241737436562442
5.673157916353681
6.21409337758147
5.472574632869441
8.414253178935853
5.97051723820707
7.83415216855923
8.555892652830288
9.309222699082733
7.124447791538349
8.459962870557817
5.176788315717333
6.6642119019513055
6.007677381897294
9.231532645627414
6.841329084423939
7.57681289905473
5.409426378094697
7.247608958800901
9.562644021942926
5.693865021318453
8.087275465306858
5.715965258485235
6.626341199701331
6.429957483739529
9.506534267578694
4.983765394800642
6.820978992750929
6.952506768436204
5.80612421031988
6.018935200430704
6.69331195126876
6.173241505718673
5.483625288025066
7.116963363121744
6.469048831269374
5.673358178554901
4.679395727775548
11.323186307985496
7.383095352140424
6.28940899199572
7.669165580440615
7.550091285912812
5.8599714295889695
7.699581826636996
5.832625063168188
7.400252689552779
7.659837822640558
9.680179351446723
6.2711575313531585
5.920719749755805
7.204523427646624
4.917185918774434
6.250875007702785
8.105104436578655
5.571688331817991
5.8347792493349235
5.95822872166427
5.24973098850528
6.911823238557155
6.864994182804783
7.006502280318688
5.732193168680067
7.3378826380705116
10.311761350706783
7.953440606811397
9.289156672963776
6.454685636196382
7.219929795734794
6.692208806908457
4.684295388232412
6.1883557368783455
