cycle_time
6.12125138625285
7.842824210508673
6.063861845525377
5.266414680882495
4.195891429031161
5.8808939500988116
5.945817568028749
6.057601808631567
7.5812648219114145
7.060820231971123
10.6207126195128
6.518301398899055
8.777992835891826
6.903027991732026
6.903598132643792
6.439660184308303
6.101534468678354
6.639103806646478
6.345359398293959
6.661640294678922
5.630883993092624
6.455836669102708
11.669325326526966
6.594280560306408
7.916302193204413
6.743915005785271
7.222583473365123
5.504557246106917
6.009856739495961
8.559641992654685
6.305029974552237
5.337220121826522
4.882102981951531
6.727438420428293
5.108548418912238
7.149819445399977
6.779900511583276
8.418566581530822
6.251581827032841
6.4288898357879125
7.324204333540982
6.882798322700501
6.290260136233991
7.040119112645155
6.618315017728643
6.704752884894043
5.448879555933724
7.161770385074483
6.719476976937033
8.21031012806271
7.377700013208654
5.476715881906281
7.018452870799905
7.603773349710106
11.929763679433426
9.381239409649686
8.098198031405035
6.69132558025462
7.783723312962244
5.59653670696252
6.5305021709763365
5.140057018845602
5.801124219116476
6.154085988238983
6.438840771737135
6.3594926247572765
7.391451091720342
7.3340799948560464
6.793052906423998
5.832631318486256
7.106696034480554
6.1465970862326085
6.383113584920526
6.454915530998898
5.746823233884582
7.843220873145144
8.501995114337197
8.287189954120489
14.169632318652498
4.9993367494277745
7.161366667996409
6.515087201589722
7.952246635227119
6.374489921151074
8.12284355793924
6.113448353586736
6.446674500359239
9.85879882772404
5.639511107762098
6.396261135572944
9.68967580460097
6.239115579693733
13.335970550270972
8.330618880288592
5.914757849008049
8.872358759135247
5.562371846465909
7.708960599837655
6.627697922014827
6.194277220374513
5.929361252973683
5.548955712871938
7.119041264070491
5.704225283866691
6.782931193328288
8.012671811715256
8.719778697360614
6.230796920696069
5.85466940287918
5.887535449008614
7.14804954258512
7.624397417734842
9.889066951169827
5.955135959675143
9.686821395143602
6.307895819145856
7.441397632922119
8.987313990376997
5.830239113894874
5.715556465959298
5.998352058136114
6.562338423283876
8.55862831677537
6.711668745486021
6.585480048848934
8.409828827419114
8.614967350101342
6.313005361243028
7.803507200577393
7.560178680259327
6.108857110627282
6.207770764230735
6.494795486491603
6.9399718914707655
6.130903086863344
6.023044578492888
5.463333009127737
6.143443620741982
6.1255032097616215
5.510142514243201
7.355362630301431
5.358062747676807
9.63314244710705
6.139290666677805
6.2438006813547196
7.195695309827629
8.313360923892342
9.747478794657745
5.880111789831014
6.730157111991504
5.724169401194125
5.869682885997615
11.376961388919707
6.87064678222672
8.468150464253075
7.543933246000491
6.083596053664829
6.448896832992031
9.103145614876905
8.972908754293737
8.46907817271953
7.449737454442869
9.808577934070954
5.582605519245313
7.193774909302426
8.19411901071901
7.558855973717999
6.294869945436262
7.412534241975259
8.584531760264587
7.526818611073964
5.232458525963792
7.297302400805262
8.284727104026882
5.094560416473139
6.2557397658337415
6.581138028169047
6.7064963127038935
4.896783184404723
7.061686956660834
8.327290709679138
6.015152513586842
6.338552831314182
7.170064216046169
10.233203748305433
6.109250690784935
6.5795544113084
5.680243785242421
4.911385585334381
6.472529099405818
6.803166122501266
5.469331219245825
6.253922800848927
6.5726177806914805
5.981826837558495
5.948966707211844
8.095974361555497
7.829614927040213
10.681669469175638
6.35819882042985
5.7622798279344325
5.309355369611873
6.410013138898923
6.694322288957319
9.282682581949206
6.316015946510124
5.9959931530382455
7.858510194460112
4.687098474068258
5.710926042855211
8.440093870337845
8.16268691274791
5.728487415289554
10.017448963240703
6.559853001843818
9.498890788391487
5.7778671988491315
5.908259168531247
6.394094133652207
10.575872760522913
8.048047616285452
5.782343659331935
5.810225483623881
5.190037347816397
5.618754715590078
6.70406740589676
4.924646695331437
9.82245036402893
6.607143816533539
5.846683459396051
4.921868836808394
7.168453607211433
5.296038075421085
9.778073097639014
6.6521962429844255
10.464216257782889
8.444302995406932
5.339505252880388
8.308444095796435
5.2186801846455095
4.477715909455217
6.256251529291218
6.881455393564819
6.577250766638912
6.533164949890265
5.377435092381028
7.685966501886921
7.719308070163341
6.593814129367471
5.461566191634551
7.2724644031344745
6.963911613869755
7.078287971035066
10.081034777860799
7.202195547646503
5.717898083232805
9.27635229100608
8.618537080006659
6.569496480665251
9.736371205833635
5.505744110163025
6.52040692337614
6.486660027040857
7.523280247033679
6.200227984082491
5.773631321226921
9.052382586012225
8.23980995272529
8.31712043087821
5.136621083048646
12.483184971639643
11.804493895901249
8.00018744076766
7.449820742949716
8.129085452922162
5.6186226301857465
7.092402117724984
5.92555427109693
6.284714709754108
7.352371796375424
6.045823797888221
9.133475481451475
4.81774655860746
7.822406706853596
7.7710178498296525
5.976686891489476
6.618571251897873
5.770033121997485
6.054507090084472
6.075393222057312
6.386214146701458
7.810945809306719
6.213058485852034
8.960253252196075
9.110894744348803
7.890710810506656
6.577248544462205
14.630976392596908
6.633221446497959
8.459733246373146
