cycle_time
5.104189357072374
6.8381174394686814
8.108129825672837
5.196974367419736
6.551535187180285
6.342774204766541
5.8588201779909825
6.084658364360812
6.1333715977655805
5.358216024994384
6.943015756568722
6.294149567449091
6.111575481221077
8.0489128257325
6.3288899984047795
5.275388890709818
5.764342496091452
5.747982268640502
6.74982742361614
5.487218301876461
5.470678752383257
5.4672098726614955
9.318920469351172
5.41195722797768
8.52579855063507
5.842619804155486
5.995763609942702
9.73376994227276
6.545957321193974
6.132463163418123
6.597191313923513
7.365279193018547
4.674204233022024
6.017836736644835
5.748588389462545
7.679111305354592
5.854968598012247
6.441901434612436
6.223568291001881
5.444430501149448
6.357984774164336
6.358561246989333
5.838262802938939
5.258992314284934
6.948305342741178
5.338912790978904
6.5762984249722996
4.981743423611776
5.467283222455616
10.601296737417607
6.29401077234135
6.537635686850432
6.494982466420932
8.058409338658734
5.868679434481114
6.712839957773696
5.542482138657712
7.340955101445906
7.0777682930147625
4.949066794276445
7.767528268585839
6.4652633217314674
5.891120287804872
6.733062065455322
5.141967276232664
7.204795827380364
5.517650584408545
7.707279662055825
7.0566230406123065
7.074247687791851
6.678197317444308
4.775909106696986
5.5904535953927414
6.810641722151873
9.230341921038054
6.240123724791243
7.2309023185448815
4.80229061121831
6.498195151957966
7.099228064855811
6.392133161364952
7.075346782997448
5.715942256411635
4.6037932411600115
6.44790900430433
6.581524114193042
6.52106957591453
5.216841392243965
6.205848885719271
6.206811507426534
6.265828776675327
6.822030315460891
5.247698322254704
5.003398110405866
5.860843311428228
5.768650257531145
9.006056930678108
5.604157387998634
5.166609740139095
5.97781849121367
6.386252613459894
5.053078570551267
7.917924058877051
5.471258199903444
5.946909949693187
5.636546189506465
8.455429088575793
5.170195551555588
6.912307648341002
5.672431574848763
5.022110475988506
6.1444965186342575
8.55089161701354
5.887590631510163
5.578522000179726
6.653269243703513
6.372609367170895
5.100406665296192
6.76240951419768
6.359336438977592
5.4193624847778334
6.201568767578947
7.9705875654515355
5.870506300579093
5.986404499576795
8.618085728049234
6.562916796687346
5.850430567308902
6.376523894158385
6.373983623070108
5.406830210400004
6.693728925669829
6.264574115846875
6.5405489775658525
5.032886538262526
5.881041978734991
4.882953536897524
6.033623534015334
6.860651748812234
7.0601526017144645
6.867169665190953
6.777469886205146
8.03196202224014
6.278425029403639
5.31053627813478
6.01492194906321
8.73591440706779
6.890013968427622
5.503436060422598
5.671246464016239
12.755054912412769
4.982743603237981
8.8231736223414
7.391521556323047
11.983448968490247
6.593611435243756
8.360888204061244
6.441420790483834
6.6475855132926585
5.925937887033332
5.807480312761618
4.757842412808019
8.803027418068659
7.503890410513796
7.629956776865385
10.485532488259311
5.476592887732107
6.050128476363889
5.184380452877078
5.312882470907
5.574520674917768
4.38589316327102
6.710222232014679
5.712129437054462
5.617962471919738
8.344942055226534
5.1084714948740615
8.281108033796563
5.171314519456551
6.298112060253119
7.265836868350283
5.385057639485525
5.181990240108014
5.6096512841888835
6.031140800294445
8.885927563654956
7.672940706906959
6.028569358629586
7.397076410105996
5.379294223629971
4.579769807682042
4.321002271224522
5.327455152891501
6.560864458178037
6.309554249447352
6.59416370640872
5.490732315596064
5.893655806475435
6.050903292131202
5.471721278070552
5.280345355558283
5.490334936234987
6.273623134846573
7.937832955351807
6.333073086888331
7.0972747589144145
7.665172344943172
5.18747939573443
6.310772006971791
6.457199791625003
6.732504884163205
5.174800955759397
6.2566670673062
7.618574432080999
9.024433533382615
5.787087560711592
6.462128782064317
4.908121440693948
6.7699265623196
5.089761022247665
5.3725998743974515
5.4368068791556645
5.128602625451313
4.517398965258798
6.373751418955236
6.344001268134168
6.457770796510313
7.213636074623664
6.286445511648281
5.718989042721911
7.756944058230991
6.595911729050333
5.844319973871213
4.570970079197017
6.2449067238353635
7.962087186728217
5.763707305194226
9.32017659860422
8.147466832838191
6.182537955388084
7.820558908957143
5.964962797615629
7.285669297914288
7.825889388115635
6.228677045779472
6.010837778663666
5.824000984713195
5.106071631958057
5.3390737460054885
5.629358283232215
8.617725122425313
6.692320879863334
6.24337633964303
5.683850471473348
7.145789774758524
6.595310601947728
7.56838416154763
6.625354348714087
6.947439361105649
6.731045797468855
6.859617627476926
7.4724138106161835
8.764153133507822
6.790632140614461
5.019086444488645
7.204869003336694
8.920832666907536
6.187514626578806
7.137105595256672
7.884918443547479
6.601742882036043
5.312464230199138
4.980957688640293
9.112165032813058
6.641101194121297
6.111807749083636
7.599083101172391
5.17492250462783
6.254824707156071
6.7257993948251675
5.762395454086947
7.820768149465363
4.907600364574852
5.911080092750871
6.940494499572116
6.238159525925479
5.437561485512292
7.353448600271162
6.500357715217873
6.793881619016191
8.370602002454568
4.941412992417617
5.450942985179445
8.142937212192118
5.34194032817378
5.089899390280122
5.725521349663758
7.449538143285965
5.364195908863053
5.91160957467931
