cycle_time
6.270875122529529
5.7249362528264305
6.629842245069571
6.091442729673472
5.689051897564898
6.252590941929566
6.18171626612712
6.421537025702763
5.744433815707589
6.222136214832829
6.72522139692472
5.829724997738982
6.291848613824413
6.078022356053834
5.548065681469002
5.767217859166928
5.99111728320335
5.698790396564902
6.672149809792708
6.125680723551773
5.238751617910649
6.5693093910638725
6.446949140098367
6.118653591184314
6.324514762902578
5.48638506879067
5.3443651155409215
5.777058243622754
5.811713647309388
5.56497037946813
5.918733191867667
6.5076816129928465
6.737717631815584
5.6994474760657985
6.7914856570723074
5.731933734866049
5.877061425007459
5.760869698828798
5.912986351426364
5.250096028676594
5.669431905583436
5.2850092430893465
5.299832277815032
7.050050308160907
5.794048277222485
5.515347811693511
5.905802457906995
5.768257757401726
5.841675246300226
5.553473979344486
5.676569035278162
6.341353198895548
6.302145390485327
5.619402504568766
6.369200754219298
5.9983028256646325
5.475844111055421
6.386318799806527
7.419865192443955
6.675057940238503
6.576091726090413
7.875199499192805
5.470820098330988
5.561626586479413
5.59246517521959
6.475444992804031
5.862957754733463
5.65223970791379
6.857023783362059
5.745967708220349
6.435637366431746
5.597530359710393
6.827630663716683
5.778073833669405
5.953525209006878
7.2233567597439166
6.079249335251796
5.514413931344119
6.229426363660778
6.637010211025364
6.414100453593303
5.728145685802123
5.763089386401864
5.441694381195288
6.036822016069206
5.965716922806156
5.723844882995116
4.987248345809934
5.792317524379084
5.361574307179921
6.506662744116381
5.824970800923089
5.206196447057324
6.171504684704019
5.87582807430822
5.5584599305202955
6.3953283168927095
4.855667587970126
5.930069018253304
6.326909718380465
5.988638065517044
5.98600482814224
5.628634093113109
5.3901044404647305
5.645056338498912
5.492965946598896
6.268874637302311
5.8745657498645265
5.086488516615723
6.411722096418712
6.200104872630343
5.742258182099602
6.403521979754165
6.196962271127352
5.666499179030059
5.387735042763637
5.275339172203576
6.017833194100418
6.314419340126547
5.8263914571114
6.7352075239596685
6.32121356983316
5.473603479605734
5.532293828328082
5.385729905787787
5.562177565023034
5.964687538262272
5.119812384538689
6.108287954466117
6.11057687110027
6.388459270643399
6.300853252418458
5.860070849066475
5.088619789958482
7.272758662349032
5.651827159575453
6.906503249521845
5.772150959124799
6.339095714426299
5.403812800806256
6.869062873069063
7.349120546661755
6.734060102445152
5.236878069738154
5.794110206035159
5.555572142681702
5.427193790572191
5.33667974612626
6.771023061577541
5.577884134261371
5.3850112594259105
6.2771486929603375
5.228481564535699
5.5380205077504145
5.517171972072359
6.106011224009271
5.74601353958879
5.626856499676259
5.764154829341478
6.185186527373717
6.384355315951432
5.656234940505732
5.570113784998864
5.5419617377954955
5.521192676614302
5.953843057448166
5.408793934050706
4.967703444379153
5.9170396643575085
6.328826190720126
5.983894363299961
6.105488583268371
6.492594051091038
6.439902680707201
5.955757098581952
5.3456337500420075
5.286301579541194
5.620704878309745
6.486731060587822
5.306764563248433
6.437894675619341
5.955776921627723
5.291857884109831
4.822248650233268
5.509234506410954
5.328557655986378
5.354596851181682
5.9470002030943805
5.6697684357621725
6.604228818556147
5.446276991073542
6.400640616280379
5.971974867022961
6.179128385124415
7.622093014626781
5.793914221306667
6.619037398222543
4.9902408397562565
5.752348465176267
5.360120312411466
5.820808663233465
5.77157503512624
4.666918779983503
6.230296347056997
5.914239392120535
5.792678162406686
5.803448411150575
6.517710476912043
5.237242207740276
5.89771837242495
5.599864214714101
5.951156649015987
5.723634606407249
6.139327968259216
7.232814959200972
6.553705405544986
5.609237913481852
6.039705291383237
5.065734560650239
6.418523274241392
5.116119317780703
7.129580266023116
5.678776762147339
5.5216890147375315
5.828505060003043
5.29193434440634
5.842333531439428
6.428074263129998
6.231722391401895
6.547255254270906
6.055807804477412
6.389545056251358
6.596432534693758
5.463124484047631
5.75733305891411
5.346710755544049
5.735260677611495
5.270484174949939
5.658076182726849
5.757600297534785
4.8953686023802945
5.864850795262722
6.7423279282775
5.550267247055901
5.701452180280455
6.091614786169432
5.0821602398426045
5.260844441569725
5.856505355853445
5.2400621379417816
5.690111296403975
6.35347818827533
5.7797785212436406
5.5838429820068605
4.720887784828412
5.490212766276336
5.765879181866847
6.209636759708615
5.718173371265929
5.382086342141794
5.575371803841239
5.658187245871425
5.260845412741734
6.008731960534491
5.46082273091904
5.608790440344078
5.946980436643797
6.0091572200719
6.2784185239467005
5.648788817889757
6.014883916141486
7.514642558872626
6.221254089984773
5.830670525976588
5.555522535255597
5.792185426028604
5.366502892570838
6.010813506391176
5.802346380669453
5.840062956370323
5.521108623244334
5.431969406604742
5.327592901005604
6.932145070050129
5.757833243944945
5.439671638576821
6.179124053789982
6.2201248347282005
6.174033973994819
5.60860528585145
6.318630769608652
5.756779311561678
5.927846556095772
5.184867151521845
5.784569893381355
6.136619924458494
5.680803358190974
5.7788029939052885
7.150342840039512
6.0515844501355165
