cycle_time
5.7746029452380565
5.5448235988146966
5.765540136548178
5.8094694356938925
5.85798766584721
5.785176810367319
5.658389151951333
5.78694966585306
6.841157886865859
5.872933992089278
5.411642866531664
5.382827680527633
6.281233253745665
6.216437586666855
5.811565437774248
6.022671919952389
5.542169327399393
5.863491674307885
5.466852222909863
6.41828365477891
6.065017724714994
5.44517945926069
5.804693356273662
5.506160060350493
6.234236355058755
5.685285663620038
5.9730784601578915
5.8744617931839445
6.19015863300188
6.368070463826598
5.571770145431205
5.766943017626664
5.408956087094132
5.111844161994425
5.687168058495769
5.557707920769312
5.328296542680076
5.939280839650118
6.499993301282906
6.212354111292556
5.556172770232528
6.744907730317066
6.135044347626007
5.126129000722774
5.629858728707818
6.216261268710021
5.455872556183787
5.754923486738961
6.170048313356707
5.855110176269662
6.131261372335141
5.156751499100766
5.191712752582443
5.80856093729513
5.785897655490884
5.47709806915745
5.233360434358914
5.802616187127029
6.150571265691315
5.07966241974751
6.040570503208294
6.439989825224327
5.648467257467257
5.5668333484723584
6.974051297004413
5.613685394150583
5.769626439700574
6.004849450646738
5.990401037226453
6.139399144282443
5.9530381409418665
6.060306589322801
5.100955176868609
5.663899064304691
5.591053919879788
5.8110646196071585
5.929021800520006
5.843258415275908
5.891243573658508
6.5519027429235805
5.250028343111871
6.381172973938697
6.68610105062395
6.986490926092243
6.388786698402431
6.376394347405829
5.205918045687255
6.091487407107873
6.18153836452665
5.900858681981491
6.0837624747939305
6.542513451808872
6.278374416010562
6.736967833980279
6.156495832718549
5.167007266162016
5.834234468078229
5.810935206079228
6.46225932334442
5.520981998482692
6.220310386093201
7.028915325055763
6.571429500515469
5.596735237992739
6.245644639825178
7.569487984598194
5.262251649209359
6.0866613474187234
5.992885792045178
5.953230583702867
5.6728607742313
6.059880669333783
6.477237043147925
5.655450238693711
6.127612069696476
5.397467318664906
5.526133940721047
6.088493970587307
6.238722283114317
6.138564842973782
5.907763145806526
6.455513784605351
5.688021182009047
5.193386922575511
6.772621606791169
5.66244727197798
6.238745663458609
5.685986207879861
5.158397103009009
5.525471307747085
5.621075764310913
6.341203675860774
7.105263445310632
6.523609543807426
5.665879633835936
6.557009082733811
6.652016484151241
6.3257685750285635
5.3964597394257305
6.070923386457868
6.019979170173818
6.238530030842362
6.306762700961561
6.544731091306267
5.571906648904895
6.6809741064015356
5.48250591270479
6.820992845338735
6.268425207049403
5.3295121777005505
5.979515068218153
5.535058400102987
6.65705098614041
5.1073277055165756
5.394651289868649
5.843780588639709
4.901907560138377
6.65189171089553
4.947470015840456
7.304707422747617
5.4265751136440725
5.946126818739161
5.684697900135131
5.569230134268753
6.315227072206359
6.782542587279575
5.452128062370487
5.971770257565109
6.036662585253591
6.2622484767699405
5.611802140113416
5.437873284372587
5.792728381799861
5.73186464304278
5.91119106780663
6.966901981920467
7.792924404270962
5.798238246999675
5.839377054109081
6.069056038634279
6.206842103058162
5.681641933844544
5.804333507229625
6.088977101775215
5.876416038743066
5.605594339169473
5.799508809351912
6.5757891784219975
5.8034981602149776
6.245065614708498
6.6172366566887195
5.756244647748816
6.4633565496011975
6.337832264618496
5.907634392407297
5.549216695105671
5.8204340701847315
5.0627063844244145
5.917515511860015
5.670927577611211
6.671274961362259
5.706254772722157
6.258748074686088
4.953597482710227
5.980953293935546
5.553261148359726
5.864225473222055
5.832261490890053
6.813729649587814
5.34874967403312
5.650810056074988
5.307267235147057
6.1723061453576165
5.584094887283318
5.868835631679661
5.645066335460631
5.594515954120256
5.996609202807063
5.556139885437164
6.053692958627208
5.595610104167002
6.427124972760164
6.33103003440713
5.942038238301491
6.022998506567445
5.964101217110525
6.552973151590912
5.8112596197829145
5.8844664099324415
6.584783153001702
4.841353422875491
6.018060997985415
5.204354754709777
5.520355090627252
6.0851752490743145
5.865477062210806
5.2730751847949575
5.137432088024072
6.07297490207456
5.648739419416465
5.214093611532821
5.838658979293001
5.673292244496471
5.882295488991583
6.621478341639638
7.532925178856237
5.6174531551480404
6.425272393862751
5.831851798762779
5.955717540091307
5.684240570417614
6.719998310566165
5.501252444846877
6.3353854515922725
6.121660921975099
5.864133055945823
6.499283591109713
6.250827348909774
5.923310159471486
6.039462815663632
6.002631929398045
6.005177693462378
6.719060314402504
6.251170749509715
4.790616140374412
5.421159486438057
6.927386901994671
5.093835970971824
6.290230686824618
5.4614652026541455
5.9420144968580955
5.44151588665673
5.952917934484256
5.966989050552261
6.174195045402172
5.289841550063017
4.9279770527909434
5.583487663633839
6.041600635349628
5.786552360952531
6.575647145254749
5.717966434660877
6.576334302924281
5.675047065966534
8.165391500130802
5.556537308060987
7.50098097813468
4.831371175854843
5.893579187286991
6.217991613427054
5.952694309280203
6.238149634506338
6.402634924924047
5.084998253282516
6.350898097504782
6.296192146465174
5.929181893469849
5.939131735005006
6.242304969721601
6.720749661430065
