cycle_time
5.708413314712917
8.481486931886565
6.6857459120480165
7.101434028781998
6.053661348656827
9.871806822422132
7.0283496433762815
6.983389208345575
6.511028330205519
5.687878176533864
7.076888538867964
6.393459650727475
7.353802713784318
6.241759296366619
7.4564845375618445
5.963403124936249
7.71741395750367
7.262264464683042
10.289076820758813
6.624208589941027
7.537032005095773
6.631082449981605
6.733891051500786
8.567118603189728
6.102347725066801
6.0302729415458325
6.518548112420239
7.405466025638842
7.237255124779484
6.9504710884007235
6.878733037753071
6.501007906533883
7.882313748652673
6.657949189863737
7.837201306069725
5.617651790600786
5.898389363767063
6.4868778108963285
5.856331291843397
6.9016426615950826
6.524442318952395
7.52972459440854
6.807088530289923
6.672455058952676
7.033584297138179
8.415200168679458
7.730600130859342
8.928509779362683
6.675081178050651
7.922256544517995
6.260506314048505
6.624505350450638
7.1895671936623415
7.353615368692843
6.04260200221861
7.702389870625887
7.827738718792042
6.910915756418217
7.269238867656945
6.72440097816879
9.48912561788552
5.64990386491616
8.667500864073919
5.945429675446073
9.32737471277418
5.920147202621523
6.732634150955097
4.940337365924747
6.206490800149657
7.395708153788064
6.806025290332001
6.354830504288546
7.405479345335138
7.062245320609221
6.397397138981205
6.792464191207718
6.883532087936394
6.002212015149963
6.284456515440326
7.018429460944743
7.203956841898072
5.797614255747034
6.45414505457677
6.7380492062170525
6.519831253168707
6.229153556737013
8.210407985655584
6.168370885120264
5.480525950431651
8.060746054780404
8.238180007577311
7.385078196430808
7.023210985714877
9.174184182099284
8.162939410954634
6.641375654591586
7.210726219371662
6.2486645118699675
7.502051105577899
7.96619696184391
7.407397586363449
6.993625513580302
6.89997122452875
7.2185465851529775
5.723139506444272
7.157396042265173
6.755057104219801
6.208579375792576
7.418747076764046
5.859396573137626
6.426576426217673
5.668915743098222
6.5803782121285925
7.168933618792342
6.384082570526983
8.981802114293508
6.385066013259847
8.577988982798129
6.411250724434956
7.038384553432048
6.172149292724697
7.659570654093545
5.661673222984619
6.037009428675211
6.805462940223544
7.3657755233029905
5.992775016842608
7.365535874682521
6.490107583358957
8.109706222386363
6.408232460999274
7.975950243669398
6.509375832024572
6.777715973524618
7.831650019729112
7.195234567415988
9.367844974669685
10.434361263204504
6.983362968218533
6.988455273153962
7.438138658942707
5.890379833531402
6.190805906462727
7.397018721799784
6.259783196004105
6.49811812239418
6.613520925220721
9.779570554890713
5.804260065910246
6.513275928621767
7.583862738505215
9.453288127602216
9.316174942615616
7.88400056993546
7.16244918830991
5.988387307055775
7.081321268288459
6.7885893330074225
6.538063895178503
5.99366161519172
10.159212723337392
6.218821154545669
10.02647043423578
6.794990198242583
7.697956140799503
6.348389376320049
7.220317727435612
7.305742702233124
6.343895399798688
9.357956349849156
6.361652844534954
7.291709628723656
7.6976094223137626
6.948780131131319
7.580261205022531
7.068830874586897
5.948549059044173
6.368562320073896
6.156115420262325
7.423549273225112
6.190486437519582
8.434680796098228
7.581161731159579
5.62854438435121
5.416388795766569
7.098108695304017
10.477270507772609
7.8376073161556805
6.469080807904146
9.223054839486895
5.777830318927388
6.7433750562198345
5.614555634248098
7.473886618859702
6.099973651464083
8.070685725389332
6.134179842387145
6.824425966202692
8.922235443506175
8.056164498917024
7.799802364650568
6.04769532677402
6.3710914718607485
6.537330739734359
5.772571878973771
8.53054374414183
6.051979337718463
6.803252860391576
7.38319406980823
6.532344280235563
8.40697665379433
8.037500838113703
5.944775087131338
7.2830424316518885
7.676938423738547
6.46160006652862
7.76056428733695
7.918759719258279
6.653967969065989
6.415562956018673
6.819537562351465
6.727269476010438
6.2351631093661775
6.4956914612247765
6.723430916715641
6.132591518185722
7.792288200735742
10.968499957321015
7.1654798910649
6.407037512483233
7.053379121122106
6.555260420710599
6.796431860667791
6.4311819259881275
7.252285147725219
6.424222863588433
7.902181868366911
6.670267751384988
8.497314439327285
6.912929503941627
8.212591172559645
7.270262882985596
6.950492085404944
7.912604580703647
7.6501968538534335
7.169065038566453
7.117862446942796
7.285849676851096
7.464562678667885
7.668720629995208
6.087854424755538
7.170364147538408
7.135401183016038
7.5304688312064725
11.883352692650304
6.481413294327673
6.097963462386341
6.894841263602434
7.554075369037982
8.328248460527256
8.755518374458106
9.573687562564498
7.505018020021282
6.288763094908685
6.917182432492528
6.8779910919314196
6.129997037163669
6.083297454209412
7.630638630650093
7.482515410726711
9.164971893063507
6.926178905234118
6.87621990417302
6.496819218434294
7.9093591202431535
5.6704395466702815
7.0050986873443195
6.179761537722634
7.801071595119777
7.268675652828392
9.246927385161573
9.130030462767355
7.026258328415186
6.213754649521488
7.693371127256787
7.867366506268649
7.251001247852077
8.25379010823891
5.938726018024941
8.24513113169587
8.505708465272338
7.43096300070042
6.993299805218079
7.353419080697608
7.99885745264877
6.605112142980419
6.959002743220455
7.009786339371787
7.400522329199605
8.770837213666901
