cycle_time,spt_policy,fifo_policy,hrrn_policy,longest_queue_policy,shortest_queue_policy,least_flexible_resource_policy,most_flexible_resource_policy,least_flexible_activity_policy,most_flexible_activity_policy
6.925538503785026,0,0,0,1768,0,0,732,0,0
5.804724729568157,0,0,0,1715,0,0,785,0,0
5.701358267206945,0,0,0,1750,0,0,750,0,0
5.56208597828467,0,0,0,1733,0,0,767,0,0
6.478596326017699,0,0,0,1723,0,0,777,0,0
5.6588075293239,0,0,0,1746,0,0,754,0,0
5.983343966852357,0,0,0,1759,0,0,741,0,0
5.612918815695004,0,0,0,1719,0,0,781,0,0
5.938357020421423,0,0,0,1735,0,0,765,0,0
6.463562535592422,0,0,0,1767,0,0,733,0,0
6.293217248866617,0,0,0,1738,0,0,762,0,0
6.196398448363656,0,0,0,1714,0,0,786,0,0
6.1606860353309205,0,0,0,1697,0,0,803,0,0
6.127889170214536,0,0,0,1710,0,0,790,0,0
5.762581357027309,0,0,0,1723,0,0,777,0,0
6.325788993020084,0,0,0,1747,0,0,753,0,0
6.465298878378862,0,0,0,1720,0,0,780,0,0
6.164261529205802,0,0,0,1754,0,0,746,0,0
5.16310223990646,0,0,0,1714,0,0,786,0,0
5.393741431403388,0,0,0,1748,0,0,752,0,0
5.937226025874762,0,0,0,1722,0,0,778,0,0
5.6996900088429,0,0,0,1715,0,0,785,0,0
6.437683966579439,0,0,0,1734,0,0,766,0,0
5.687428868503419,0,0,0,1739,0,0,761,0,0
5.6050039606399435,0,0,0,1742,0,0,758,0,0
6.501463042570776,0,0,0,1713,0,0,787,0,0
6.11150404973819,0,0,0,1714,0,0,786,0,0
5.93143278186736,0,0,0,1734,0,0,766,0,0
5.928659295854249,0,0,0,1739,0,0,761,0,0
5.5418047781867585,0,0,0,1730,0,0,770,0,0
5.706937329549769,0,0,0,1714,0,0,786,0,0
5.328628293833414,0,0,0,1758,0,0,742,0,0
5.085938892237603,0,0,0,1769,0,0,731,0,0
5.862479578160753,0,0,0,1746,0,0,754,0,0
6.017719140086875,0,0,0,1756,0,0,744,0,0
5.740507992094625,0,0,0,1688,0,0,812,0,0
5.951737413246718,0,0,0,1737,0,0,763,0,0
5.8672358540076806,0,0,0,1706,0,0,794,0,0
5.003795915679656,0,0,0,1741,0,0,759,0,0
5.14758382225114,0,0,0,1719,0,0,781,0,0
5.748804530356498,0,0,0,1679,0,0,821,0,0
6.845012773285354,0,0,0,1690,0,0,810,0,0
6.507459303546653,0,0,0,1708,0,0,792,0,0
5.719755734512757,0,0,0,1731,0,0,769,0,0
6.65927074175228,0,0,0,1724,0,0,776,0,0
4.97396864168997,0,0,0,1741,0,0,759,0,0
6.402928176588379,0,0,0,1761,0,0,739,0,0
6.481199138087889,0,0,0,1734,0,0,766,0,0
5.569629994082444,0,0,0,1726,0,0,774,0,0
6.2620806150271795,0,0,0,1709,0,0,791,0,0
5.954997012111774,0,0,0,1760,0,0,740,0,0
5.866029252908354,0,0,0,1737,0,0,763,0,0
5.419368503273955,0,0,0,1712,0,0,788,0,0
6.39803000679734,0,0,0,1731,0,0,769,0,0
6.0405848309195305,0,0,0,1768,0,0,732,0,0
7.244763047683159,0,0,0,1749,0,0,751,0,0
5.090528762276237,0,0,0,1726,0,0,774,0,0
5.0232801381276335,0,0,0,1753,0,0,747,0,0
5.79134311975209,0,0,0,1745,0,0,755,0,0
5.77766410373779,0,0,0,1739,0,0,761,0,0
4.870654487691999,0,0,0,1723,0,0,777,0,0
6.940338564521359,0,0,0,1713,0,0,787,0,0
6.381279644734089,0,0,0,1761,0,0,739,0,0
6.63079437215248,0,0,0,1723,0,0,777,0,0
6.8469376402862325,0,0,0,1697,0,0,803,0,0
6.3648714638536275,0,0,0,1752,0,0,748,0,0
6.059098353966636,0,0,0,1726,0,0,774,0,0
5.924890530315668,0,0,0,1742,0,0,758,0,0
5.705804236952752,0,0,0,1709,0,0,791,0,0
6.667883039062434,0,0,0,1804,0,0,696,0,0
5.347125792216018,0,0,0,1721,0,0,779,0,0
5.721406125179305,0,0,0,1758,0,0,742,0,0
4.744673479185561,0,0,0,1732,0,0,768,0,0
5.874671639493566,0,0,0,1767,0,0,733,0,0
6.2555925132763015,0,0,0,1701,0,0,799,0,0
6.009875512409267,0,0,0,1762,0,0,738,0,0
5.887829506808894,0,0,0,1743,0,0,757,0,0
5.2279335659791935,0,0,0,1735,0,0,765,0,0
5.600361060568539,0,0,0,1737,0,0,763,0,0
6.060338538457109,0,0,0,1707,0,0,793,0,0
5.992938764710479,0,0,0,1735,0,0,765,0,0
6.7016042258165,0,0,0,1739,0,0,761,0,0
5.164835075524207,0,0,0,1746,0,0,754,0,0
6.933676016011917,0,0,0,1764,0,0,736,0,0
5.128274791185101,0,0,0,1719,0,0,781,0,0
5.696588882568109,0,0,0,1737,0,0,763,0,0
5.739551950468419,0,0,0,1736,0,0,764,0,0
6.26854856140097,0,0,0,1702,0,0,798,0,0
5.160059794557411,0,0,0,1731,0,0,769,0,0
6.346434265632968,0,0,0,1714,0,0,786,0,0
5.489585432518454,0,0,0,1713,0,0,787,0,0
5.772234491683645,0,0,0,1698,0,0,802,0,0
5.731182735106322,0,0,0,1707,0,0,793,0,0
6.198574897694552,0,0,0,1769,0,0,731,0,0
5.8687013492599505,0,0,0,1733,0,0,767,0,0
5.557102975602659,0,0,0,1732,0,0,768,0,0
5.5897413911103415,0,0,0,1706,0,0,794,0,0
5.8358439772014306,0,0,0,1702,0,0,798,0,0
6.068207912267551,0,0,0,1704,0,0,796,0,0
6.0159030814815155,0,0,0,1741,0,0,759,0,0
5.335867403975755,0,0,0,1748,0,0,752,0,0
6.348776135971296,0,0,0,1743,0,0,757,0,0
5.580654157742048,0,0,0,1756,0,0,744,0,0
6.242032233486352,0,0,0,1767,0,0,733,0,0
5.557906905406379,0,0,0,1734,0,0,766,0,0
5.022480023705898,0,0,0,1693,0,0,807,0,0
5.705993980747144,0,0,0,1702,0,0,798,0,0
5.977818692622349,0,0,0,1724,0,0,776,0,0
6.785965663790711,0,0,0,1734,0,0,766,0,0
6.4201526543614635,0,0,0,1748,0,0,752,0,0
5.31735765387057,0,0,0,1719,0,0,781,0,0
5.264832469129884,0,0,0,1744,0,0,756,0,0
5.30731689995354,0,0,0,1737,0,0,763,0,0
5.792607743656541,0,0,0,1717,0,0,783,0,0
5.708305865560735,0,0,0,1698,0,0,802,0,0
4.734102974758167,0,0,0,1707,0,0,793,0,0
6.168163306350807,0,0,0,1715,0,0,785,0,0
5.282237962925493,0,0,0,1719,0,0,781,0,0
5.037720465238968,0,0,0,1751,0,0,749,0,0
6.148251854044792,0,0,0,1717,0,0,783,0,0
6.521625692915892,0,0,0,1717,0,0,783,0,0
6.123357230023093,0,0,0,1715,0,0,785,0,0
6.124497779722447,0,0,0,1697,0,0,803,0,0
5.459331322765515,0,0,0,1782,0,0,718,0,0
5.926838158494722,0,0,0,1690,0,0,810,0,0
6.2607653483025345,0,0,0,1734,0,0,766,0,0
6.054124325515057,0,0,0,1745,0,0,755,0,0
5.683977867794228,0,0,0,1753,0,0,747,0,0
6.291620749793574,0,0,0,1767,0,0,733,0,0
5.372523499419184,0,0,0,1751,0,0,749,0,0
6.023004616920781,0,0,0,1726,0,0,774,0,0
6.589880977667604,0,0,0,1718,0,0,782,0,0
5.130488365768245,0,0,0,1744,0,0,756,0,0
4.688738206826216,0,0,0,1744,0,0,756,0,0
6.204147311393191,0,0,0,1715,0,0,785,0,0
6.401668763128921,0,0,0,1735,0,0,765,0,0
5.300789234850388,0,0,0,1743,0,0,757,0,0
6.008811428994634,0,0,0,1703,0,0,797,0,0
5.099405104710577,0,0,0,1720,0,0,780,0,0
5.451298069641,0,0,0,1710,0,0,790,0,0
6.119192581804059,0,0,0,1754,0,0,746,0,0
4.982661411896962,0,0,0,1785,0,0,715,0,0
5.594548009069465,0,0,0,1762,0,0,738,0,0
5.646589256932609,0,0,0,1759,0,0,741,0,0
5.290495588591771,0,0,0,1757,0,0,743,0,0
5.272972488621273,0,0,0,1758,0,0,742,0,0
6.289041793915373,0,0,0,1728,0,0,772,0,0
5.790825100745232,0,0,0,1736,0,0,764,0,0
5.722765757970707,0,0,0,1695,0,0,805,0,0
5.421732572184295,0,0,0,1702,0,0,798,0,0
4.638574108928318,0,0,0,1741,0,0,759,0,0
6.263324211164263,0,0,0,1740,0,0,760,0,0
5.758536622827242,0,0,0,1730,0,0,770,0,0
6.63547528481242,0,0,0,1742,0,0,758,0,0
6.704122767292822,0,0,0,1711,0,0,789,0,0
6.2835627283689,0,0,0,1708,0,0,792,0,0
5.467498829357688,0,0,0,1742,0,0,758,0,0
6.339801605204221,0,0,0,1743,0,0,757,0,0
6.100085136950136,0,0,0,1715,0,0,785,0,0
5.430212701520868,0,0,0,1746,0,0,754,0,0
5.415393389819285,0,0,0,1728,0,0,772,0,0
5.537719849422081,0,0,0,1738,0,0,762,0,0
5.510515844045199,0,0,0,1693,0,0,807,0,0
5.760974557121631,0,0,0,1693,0,0,807,0,0
5.773084887967494,0,0,0,1730,0,0,770,0,0
6.302039482352718,0,0,0,1685,0,0,815,0,0
5.546266959550911,0,0,0,1677,0,0,823,0,0
5.57041774849223,0,0,0,1763,0,0,737,0,0
5.119264309097856,0,0,0,1785,0,0,715,0,0
5.881674933176969,0,0,0,1744,0,0,756,0,0
4.53963909497409,0,0,0,1713,0,0,787,0,0
6.340701219978212,0,0,0,1768,0,0,732,0,0
6.835726809941438,0,0,0,1734,0,0,766,0,0
6.591174051740771,0,0,0,1747,0,0,753,0,0
5.513023212340699,0,0,0,1782,0,0,718,0,0
5.044110169254027,0,0,0,1750,0,0,750,0,0
6.724723843069217,0,0,0,1737,0,0,763,0,0
6.256469076517167,0,0,0,1752,0,0,748,0,0
5.339030303884147,0,0,0,1709,0,0,791,0,0
6.488748479119401,0,0,0,1740,0,0,760,0,0
5.818732537738712,0,0,0,1707,0,0,793,0,0
5.612320182468283,0,0,0,1724,0,0,776,0,0
5.896055917304718,0,0,0,1727,0,0,773,0,0
5.643060055001195,0,0,0,1729,0,0,771,0,0
6.949651338319361,0,0,0,1745,0,0,755,0,0
6.013866958743115,0,0,0,1735,0,0,765,0,0
5.802967852389652,0,0,0,1709,0,0,791,0,0
6.0067357713659195,0,0,0,1719,0,0,781,0,0
6.434112522716977,0,0,0,1695,0,0,805,0,0
5.448367494062932,0,0,0,1751,0,0,749,0,0
6.077318751444364,0,0,0,1694,0,0,806,0,0
5.785520281264972,0,0,0,1753,0,0,747,0,0
5.363665799944848,0,0,0,1720,0,0,780,0,0
5.608760438183505,0,0,0,1717,0,0,783,0,0
6.220501352530294,0,0,0,1725,0,0,775,0,0
5.761309488925177,0,0,0,1783,0,0,717,0,0
6.0880687123651125,0,0,0,1736,0,0,764,0,0
6.049615311118855,0,0,0,1701,0,0,799,0,0
7.23305170282989,0,0,0,1746,0,0,754,0,0
5.5513281401413765,0,0,0,1710,0,0,790,0,0
5.30038380498817,0,0,0,1698,0,0,802,0,0
5.429817913311563,0,0,0,1736,0,0,764,0,0
5.518055510631286,0,0,0,1731,0,0,769,0,0
5.601627223304855,0,0,0,1691,0,0,809,0,0
6.047131297698441,0,0,0,1727,0,0,773,0,0
7.469521976155849,0,0,0,1738,0,0,762,0,0
6.037377245757179,0,0,0,1735,0,0,765,0,0
6.609843517302217,0,0,0,1714,0,0,786,0,0
5.9838577659371115,0,0,0,1724,0,0,776,0,0
6.005452459211971,0,0,0,1713,0,0,787,0,0
4.9946088844870635,0,0,0,1741,0,0,759,0,0
6.360055196034251,0,0,0,1678,0,0,822,0,0
6.927451768976843,0,0,0,1749,0,0,751,0,0
5.34078934514448,0,0,0,1698,0,0,802,0,0
5.994595852045777,0,0,0,1714,0,0,786,0,0
5.699673054642994,0,0,0,1705,0,0,795,0,0
6.1929290996251085,0,0,0,1729,0,0,771,0,0
5.4483585253279845,0,0,0,1742,0,0,758,0,0
5.070014656615338,0,0,0,1705,0,0,795,0,0
5.660920982014111,0,0,0,1743,0,0,757,0,0
7.259811815335715,0,0,0,1742,0,0,758,0,0
5.667571617835011,0,0,0,1724,0,0,776,0,0
6.363588121924996,0,0,0,1795,0,0,705,0,0
7.027322185163104,0,0,0,1708,0,0,792,0,0
5.8412787652275195,0,0,0,1750,0,0,750,0,0
5.341522936602426,0,0,0,1728,0,0,772,0,0
5.5690448748343355,0,0,0,1738,0,0,762,0,0
5.884376382063306,0,0,0,1701,0,0,799,0,0
5.171838192252077,0,0,0,1725,0,0,775,0,0
5.133397139474769,0,0,0,1714,0,0,786,0,0
5.4632185251553596,0,0,0,1725,0,0,775,0,0
5.907768381092612,0,0,0,1730,0,0,770,0,0
5.541022838728021,0,0,0,1748,0,0,752,0,0
6.3600598029007545,0,0,0,1754,0,0,746,0,0
5.74591544738071,0,0,0,1751,0,0,749,0,0
4.819641385917994,0,0,0,1721,0,0,779,0,0
5.860840885015261,0,0,0,1736,0,0,764,0,0
7.2791599642221945,0,0,0,1736,0,0,764,0,0
6.523057135382376,0,0,0,1730,0,0,770,0,0
7.05855795496013,0,0,0,1764,0,0,736,0,0
5.852247475027595,0,0,0,1746,0,0,754,0,0
6.813310138439636,0,0,0,1759,0,0,741,0,0
5.41100109883131,0,0,0,1723,0,0,777,0,0
5.921235306278298,0,0,0,1705,0,0,795,0,0
6.340546165398881,0,0,0,1659,0,0,841,0,0
5.682358184644521,0,0,0,1743,0,0,757,0,0
5.746081228892562,0,0,0,1750,0,0,750,0,0
6.255902682833893,0,0,0,1719,0,0,781,0,0
5.324516501336475,0,0,0,1708,0,0,792,0,0
5.325483525360155,0,0,0,1714,0,0,786,0,0
6.039363089445505,0,0,0,1756,0,0,744,0,0
6.175575152596534,0,0,0,1736,0,0,764,0,0
5.969877055729292,0,0,0,1741,0,0,759,0,0
5.610929446266251,0,0,0,1705,0,0,795,0,0
6.194624048690009,0,0,0,1710,0,0,790,0,0
5.552702050788414,0,0,0,1721,0,0,779,0,0
6.116372087950192,0,0,0,1773,0,0,727,0,0
6.181971393221715,0,0,0,1757,0,0,743,0,0
5.899408677232232,0,0,0,1733,0,0,767,0,0
6.080036704501111,0,0,0,1728,0,0,772,0,0
5.855467512779364,0,0,0,1721,0,0,779,0,0
5.437720613053558,0,0,0,1737,0,0,763,0,0
6.060458421135819,0,0,0,1743,0,0,757,0,0
6.797771776212979,0,0,0,1752,0,0,748,0,0
4.684735844488243,0,0,0,1758,0,0,742,0,0
5.41386206406571,0,0,0,1723,0,0,777,0,0
5.826612824384592,0,0,0,1731,0,0,769,0,0
6.2507581777395425,0,0,0,1674,0,0,826,0,0
5.90053831532271,0,0,0,1727,0,0,773,0,0
5.227779159173258,0,0,0,1730,0,0,770,0,0
6.086945693607935,0,0,0,1746,0,0,754,0,0
5.613967984627812,0,0,0,1755,0,0,745,0,0
5.383951695097238,0,0,0,1736,0,0,764,0,0
6.02013436103816,0,0,0,1721,0,0,779,0,0
5.47860649009519,0,0,0,1719,0,0,781,0,0
5.6534664372470935,0,0,0,1707,0,0,793,0,0
4.927060219413676,0,0,0,1744,0,0,756,0,0
5.707126147944879,0,0,0,1700,0,0,800,0,0
6.857778304985581,0,0,0,1737,0,0,763,0,0
5.786412008618516,0,0,0,1732,0,0,768,0,0
5.441210304539006,0,0,0,1759,0,0,741,0,0
6.298247233683197,0,0,0,1781,0,0,719,0,0
5.401915465036797,0,0,0,1739,0,0,761,0,0
6.040221654995392,0,0,0,1761,0,0,739,0,0
6.50604795618651,0,0,0,1741,0,0,759,0,0
5.190752899955778,0,0,0,1707,0,0,793,0,0
5.5434555888172,0,0,0,1706,0,0,794,0,0
6.004419994189759,0,0,0,1746,0,0,754,0,0
6.286705506188493,0,0,0,1712,0,0,788,0,0
5.041518396873849,0,0,0,1774,0,0,726,0,0
5.588956061339332,0,0,0,1716,0,0,784,0,0
4.869484756140923,0,0,0,1736,0,0,764,0,0
5.837758796683419,0,0,0,1767,0,0,733,0,0
6.033074231757924,0,0,0,1731,0,0,769,0,0
5.374939029706008,0,0,0,1723,0,0,777,0,0
5.746940609815406,0,0,0,1671,0,0,829,0,0
6.9451041411734575,0,0,0,1762,0,0,738,0,0
5.658378784091727,0,0,0,1752,0,0,748,0,0
5.738985716048767,0,0,0,1673,0,0,827,0,0
6.312806961917876,0,0,0,1696,0,0,804,0,0
