cycle_time
5.793317585692545
7.641169019375181
6.788835318527434
6.901529558250286
7.313299845290591
7.926430107206612
7.4684653154807
6.506003189122651
6.346973304857413
6.492477212521411
6.293904008698436
9.765299849335197
5.636927101773845
5.442793293773893
6.894767206450016
7.787124540589511
6.629485167898278
5.375407871972956
6.351729274487609
6.899822724189721
8.134423194891223
7.582807264152746
6.414488979781056
6.764173061819791
7.712707288815514
7.664660919685199
6.1629761212489065
6.353696577546801
6.700918683577655
6.213209232787732
6.428425822922938
7.37751809139398
5.8295999988923635
6.294738002694573
6.748394825613863
6.288827269298463
6.291094107282805
8.761094364702522
6.405768866661644
8.653781406272564
7.010856795769748
6.007662910242343
6.1065745470349295
6.035052329703159
5.876490435617829
6.968536083643284
8.484975353880415
5.761218448455821
6.888872496764231
8.981856182646096
6.618162505704717
9.869174834178342
6.685458396361701
6.164830857299641
6.181195267871624
7.325467747746028
6.4368318158518605
6.3784693038730715
6.140999323171123
6.486681624158252
6.589341683831981
5.725772493860246
6.61127390762149
7.9461868837665985
6.821439149344464
8.61441172254366
6.530479107183016
8.155084126156337
5.435242433917634
6.409014960524402
5.94153034444608
7.447695960296588
5.670214623691575
8.13716905928383
5.39145350539371
5.830384672625399
6.278777094285411
7.301536292297131
5.546480958710582
6.762374388402641
6.149297751695982
9.808279885679017
5.950244566743799
7.496787554099913
6.572921182786806
5.856175736275568
6.324821760153607
7.3751983496984845
7.270687027608015
6.136094891583738
5.626612709868669
7.093378309127656
6.7399871751840665
6.03114014172643
6.137806814066923
6.51099191680176
6.522594946178844
5.612524095453962
6.880170655519687
7.594113168891128
6.408660521512021
6.649098851901651
6.721476466461767
6.783165218517896
7.11668695796258
7.307902656118439
6.161699511698152
5.408744004996919
6.432401544887604
9.165694146320217
6.438398968474311
5.856274338798794
6.528035955823083
8.340808255165157
6.580368954419734
7.069056568686193
7.1603805521586255
7.729784562934193
7.950761340202842
6.487475071148183
5.924540654656747
6.098631797637894
7.022112231708758
6.9458417040282905
8.854316901331716
8.670298525018772
6.434341162848356
7.20375119326173
7.267624152307908
6.1911162130137525
8.874961851388033
5.265793372254846
6.0610383950522895
7.397563069762491
8.118181306603786
9.264821553961301
6.100419594351128
6.357265357641542
5.600235872091111
6.519616924423738
6.491038988540772
7.354854985444105
6.929498865170643
6.5666125804159705
7.182581704196156
5.353191820218703
6.401713678454789
6.454362804031979
6.581287693075753
7.594056752455161
6.607093243109908
9.30573668754988
7.321586115806316
6.943452170703998
7.803619065452655
5.196289028819924
6.6803875413643
6.205373422673084
6.489768487104548
7.943279545214709
6.232594142195807
7.621196993643594
7.95648573912413
8.744154238312241
6.505487304407441
7.0384341659896785
5.352174188975615
5.756929537359027
6.683568451799608
6.393971007374549
8.079584947568387
6.802522625818998
6.474504883341611
6.115375582709505
6.423976514052551
7.653305166441912
6.785954671847098
6.835330315847076
8.091804620674587
7.099323872160766
7.132854876971505
6.90173497656957
15.055416532129664
7.133406436910931
6.064348676444283
6.955054683307423
8.009286933584251
6.0158327689363755
5.670560956900275
5.623226071744501
5.618413062408488
6.554489478979231
6.206281030103559
7.423373381062475
6.9207757793441775
6.6316568029562495
7.173906413564965
6.527995453939215
5.948621659946154
6.198285334731997
6.379280447677026
5.841761316465038
6.204800173151061
6.3928714922246375
6.7609483945724085
7.155010235957919
6.092818672336598
7.1144233625326
6.0016858907969315
7.878399743213207
6.155379064836687
7.148524321971835
7.496784827351491
7.762959510835617
7.190344452296909
6.79182988935055
5.80672805528643
5.98384064108569
6.783210123186173
6.20425593293073
6.266757605859835
6.181049793531966
6.4315583698529295
5.579271245736016
13.815173243899093
6.276151576205043
7.572486820295782
9.234475826968904
8.260316122106927
6.467732633948627
5.382086001469649
6.325730860859418
7.4627408255325
6.852603497139346
7.421187656692581
5.275883507414879
6.403639287459795
8.636669832430517
6.469727130127879
6.610389491394912
7.619413213306398
6.857911874642485
6.574428455258423
6.356657139490586
7.304174247099353
6.23179183895817
6.173729513831667
7.313700830970226
6.331144948996051
5.993228023535094
7.54227111132525
8.361212043085139
7.012504375379006
6.386720125339605
5.276269425731539
6.8865541634820735
6.682615073715158
6.587959350006405
5.674469078427265
7.89093163037784
5.83499235879415
6.079463924532906
6.506861158433826
10.53216136161207
7.687558439723011
8.156239920420091
5.873649063873824
7.171486799252892
7.355253035841799
6.495611618717264
6.35187443233754
9.364737144580026
5.887211314860694
6.8352865993705185
6.92805019748442
6.844763919430977
7.0737910889392905
6.975727348009369
7.074276142910623
6.047153979537799
6.181877588417739
7.687100710323785
8.437652833767837
7.686437654190966
6.4494906770647304
6.187058001761584
7.750142598511861
6.364491770984246
6.181287015812229
6.937228533528703
7.042121963348263
6.275807761359228
7.906309680837055
6.779618572326178
6.479410160933351
7.2662231951619
6.033147055953632
6.894636409217415
9.22015930958403
6.4955485630401615
