cycle_time
6.193421510602991
6.180871466578077
6.370845887633563
5.91452282265165
6.638790877415273
7.250327759263563
8.334165420839625
5.427945767880396
8.16001360537347
6.258400191022608
6.010307328195515
7.94858745780061
6.891546442132973
6.818437724617249
6.765895416284149
6.81200063093966
6.170163348581082
6.372358604326595
6.907371616946016
6.453802336200104
6.140607837897119
6.930246163151774
5.323542254986411
8.18594307808655
6.351159891080653
7.259773026777339
8.24653769987387
8.25583960781126
7.171811530746381
5.837125053869814
