cycle_time
5.7840723440200765
6.15467772173122
5.026953721272679
5.579011249910442
5.3185284216979625
6.230098207593206
5.526811285243995
6.007306599725994
5.210036306208551
5.597839409710244
5.45805733706483
5.967589187304718
5.8584075550982195
5.2915972293573095
5.497662460347828
5.750381231564673
6.066669765727186
5.5657139727786245
5.110107182324652
5.481308627570615
6.035854499144778
6.090207135612391
5.003152647856938
6.681766731132699
6.206746391275472
5.927665720600534
5.484998931207908
6.770900019150489
6.787518219586223
5.9602304844080765
6.802703782398472
5.528424423905528
5.577291117238661
6.235321196107288
5.587488187790328
6.086419168609946
5.542122189242363
6.308141849045237
5.04260557809246
5.091884898751994
5.231624913543018
5.059635892080135
6.553691649134092
5.964531540560121
6.0893319972101585
5.521370609339453
5.3548495685405895
6.42113559655117
5.822481643798119
4.857812986693336
5.823443414975122
5.094752825486294
6.027390234066753
5.879010997417302
6.542186255734586
5.576353563258337
4.858482838703389
5.964113990692689
5.753281910028764
7.288573326567298
6.41833470376818
6.168770651580072
5.742884479742474
5.024683872881844
4.894646982317957
5.342606139034446
5.669170778503528
7.134865538650348
5.8961560962170045
5.431718840616526
5.167998747598137
5.819519542279174
4.966705536732539
6.2253253836490625
6.5479891946526365
6.654120191626164
6.147130162221667
5.267988699269828
4.964105410366099
5.517411184054582
5.908609791429295
6.654074459873051
5.743363975976178
6.412280779381677
6.137850892231629
5.810236736624009
5.348959806552752
5.485569729142802
5.394001306495617
5.973754687781978
6.392623693283403
6.436015299584888
5.930025609538169
5.254745736499273
5.390872448752393
5.1522474580021775
6.0533110517715585
4.91248680059823
6.105278124814412
5.597994743964291
6.696672332173112
6.146441703142463
5.000920186117778
5.610456349914677
7.007374639918319
6.0030892153963595
6.092267018607335
5.869062346200912
5.810881736487256
5.1477655137235825
6.454739542943175
6.393967253981542
5.801797224726212
6.48737354673735
5.341415774842454
6.28793807765149
6.707036818177359
6.722728833215616
7.092927730826707
5.539656899437055
6.06522879234628
5.519020634246236
5.106922564278172
5.313017432987219
5.272667442740352
5.143218465958765
6.001684273613148
7.139687085319629
5.998226484262325
5.105504834670769
6.6315171048939625
6.804523152501026
5.306464183137369
6.3317914824632755
5.0974554394162945
5.474902084372752
7.200073735311041
5.938316371048615
5.8645760789139105
5.43320866781702
5.828995810632243
7.843229667344091
6.4753060624947185
5.135295805810251
5.421205584045125
5.788168119567967
6.386661332403819
6.589105611977471
6.686543087631884
5.3156104150235635
6.351315725016729
6.469019399432926
5.71180046469073
5.850695602086387
5.90208049118373
5.787820173273777
7.025642807107273
5.735484370941362
5.083059352501539
6.267337880874955
7.668728269848562
5.756719166989767
5.915488033364642
5.649427233646711
5.750346050500002
5.671999416704073
5.539829232672293
5.126207190943063
5.555599741384809
5.92272942145287
6.838864330030472
5.43860853073979
6.471679682063006
5.351095716083505
5.407559224244402
5.979085722258607
5.940150533115976
5.474980087610937
5.408630233560715
5.351957190226631
6.136249121501235
5.528405510322455
5.662536116233458
6.033138132187558
6.461680045825244
6.076283617989806
5.803129840744573
5.62249533525594
6.376259181366481
5.983957272777379
5.8819911542438295
5.981229815249633
5.191922435021537
6.257630061328106
6.1855521158206
5.6416011898679965
5.341096864551112
6.193783033704826
6.647202362099696
6.2599312112560686
6.212356110858923
6.463577952936038
6.25665002718135
5.413256518001679
6.006790594084256
5.418782834628238
5.662812630551058
5.628722071517645
5.517480174370924
6.568452473234078
6.108281997897512
5.403896843548111
6.148883305417002
5.913086849366404
6.405680624753371
6.553123299314033
6.7560677357157255
5.184555416187629
5.703091597693851
5.589461975425448
6.508460026380091
5.434554169860462
7.518922124432803
6.266502803963734
5.884638211163725
5.649058256969914
5.150158632762732
5.644886894795553
7.190511558538528
5.046453406598991
4.899480248476503
6.418989293274291
5.9006098388908566
5.4721063031314205
5.148750688045151
6.043919296797099
6.065000383424096
6.796309096760285
5.822756405699405
5.619372975754633
6.094959234534573
5.033913385257634
5.849822118825432
5.838782956353321
5.461899953866033
5.127082229695213
5.242018481350275
6.081732914001621
5.754188571528902
7.265611681009015
6.094310787408891
6.256374343978901
5.290845285570082
5.942722208679454
5.977305752071139
5.56333532848205
6.232267617011872
5.49176780452538
5.551356541147788
5.534528248687722
5.364973400903678
5.6509227519448
5.50000711824614
5.497001672529383
6.469504244664287
5.639737046946946
5.297158054189173
5.011249005672192
5.524070674791983
6.291432380189118
4.672027297408741
6.915380744334601
6.191466098333226
5.489179859126044
5.939381331160733
5.7309130974946845
5.415364328814412
6.146694359511407
5.931314093644134
5.286210542821155
6.1341383137337715
5.615323416297113
5.719431761091401
5.629248042478062
5.792768854049447
5.369694681099636
5.091531296465411
5.368038741727616
6.158232725708864
5.657394315395183
6.086486840633424
6.271106045576146
5.907294160839508
5.65942381032833
5.15046213935584
5.431670385758392
5.880034114513495
6.112036340977304
6.113113756978785
5.355226378143225
