cycle_time
6.36660665493439
6.1806718803041765
6.013191959771315
6.490288524489111
5.957189954231579
5.992504999141759
6.857183161785287
6.286519830248673
5.802585086812995
6.257254734875319
5.674313158837673
7.542488640146242
6.882795248800491
5.433640202126775
5.173914142957528
8.310825425700093
5.78016318318368
4.667319072435482
7.8782562724031475
6.006203059159047
5.769576067328206
6.759230914183734
6.542371224124731
6.824337122557648
6.498926211489431
6.763480834166218
6.5153913610780565
6.207027193617542
6.14231543898561
6.591177722700808
6.3442739467383324
7.031576500182117
8.202894576243121
5.158253241239129
7.104837616321864
6.993359292146814
6.709895675756519
5.781270071637017
7.7280685254575845
5.645010719573607
5.307162401093372
6.930364159955088
5.99412390633062
7.43181606051236
5.734116448075129
6.176670359639433
8.257093804287392
6.58601964656334
7.00527305937527
5.752076017681039
8.171003003845865
6.290012863057456
5.2786721886427275
5.883282939194692
5.904924082970385
5.9025832893648875
7.847439454774601
7.613947701951953
5.154262193192574
6.090341342086148
6.517684030422558
6.991443281742537
5.163896028884639
7.334150467215116
6.841225259318901
6.302170669576023
7.991127729448496
6.399135473036485
5.795379323337123
6.9168108317135735
6.31882284181535
6.42187143598417
6.891133689986826
6.664780532657122
5.156013140377071
6.137101564883226
5.5049997111922675
5.297131488699218
6.173568306664352
6.934974358852979
5.8209591550388105
7.001902951944649
6.253163889448546
6.598041472657859
7.401678047589265
9.978277640728185
6.226554025271285
6.3106488698414145
6.4317491671725655
6.627797890958143
6.350304915673478
5.266336231023179
6.79000556825364
5.833223306473954
6.643024070380043
6.311162667613409
5.935809055881094
6.58745344237756
6.403873823469719
6.073753131933333
5.805081008997122
6.644140742702197
6.862316871858685
6.085732722626989
6.476829256612113
6.172852221672876
5.191203220925287
6.267144597422377
7.284439801607424
8.144170061123436
7.2720792477959275
6.411231469395649
7.025516409782355
6.480770217963151
7.44526496383146
5.845416781925311
7.8117010577405015
7.219774351070811
6.542482224046896
4.929022411624029
6.517212340850301
5.796544934698547
5.715992657027602
6.375150175262533
6.883735706316134
5.912853103130929
7.2002534665274895
5.835903582428098
6.395238141309761
5.5841564410261455
6.0392306292607465
5.795530685032651
5.406111750133611
5.343903818251946
6.347496455198713
6.8568190073191175
6.733917139922931
5.053431542096738
7.108484387269514
7.148627889151523
5.760850923093647
6.601567530035296
7.1296249961161315
8.2991132324637
5.844839325655279
6.573066381939466
5.815246369867148
6.008683825657166
5.81082512952444
6.600396755350926
7.153391612845825
5.656391225900754
6.251725026253229
5.531499694483406
5.699295394666799
5.881634370026086
5.192168534459455
5.228022751063324
6.277792717317563
4.800312923786434
7.673597943703261
5.63867265105161
6.262455347967831
7.185560758089421
6.610462189744532
5.362034620870866
6.085963735441469
7.149107465127831
5.764783953041402
6.569524671292213
6.220274779414292
5.960348100386995
6.296132610295798
6.606331753428711
5.581860078038654
7.159153562804342
5.144932961560799
7.1157048778227185
8.696693865235963
6.510849857094123
5.295033392343378
6.488075478980939
5.463513835262945
5.815495704314841
6.053156713925705
7.160895400951916
5.96353520845089
5.815714323810944
5.857342955805157
6.0485733059575235
7.056000729975465
6.68751421502541
8.754874366661388
6.10963474659631
6.618373388557396
6.514779526148775
6.393861354748454
6.018569845891243
5.621784520355368
5.935937457082396
7.260104076062869
6.657550881673516
6.533538620766616
5.554210388812937
6.751714090275658
6.114460555496386
6.532791316611179
5.342247330204753
6.4996090005330895
8.515303290621551
6.400429772742884
6.50279337937413
6.0133517072734355
6.03886668247188
7.803970701938329
6.063324649591119
6.1649773488656985
5.978701353830744
5.75418359471676
5.825123723888206
8.211823252127024
5.751495897117014
7.5618538009115595
6.6687003313035715
6.930772657081698
7.022553763342259
5.9327298459984625
6.571527754300427
7.759874494599183
6.086091801555066
6.747433574048317
7.714877137739347
7.070520832535498
6.476555654807001
6.1105858613289765
6.091737426564295
7.066740754079299
6.399483377879846
5.432700931255082
5.586413824279611
6.1847866359788295
5.632324546374083
5.320328600843467
6.39096121722301
6.228495155886941
5.975590945246378
5.677275046089578
5.84525020174239
6.147803020313744
7.016775535593874
6.321154644399103
7.930744352700231
6.335922408648038
5.9438990594261725
6.083811121707264
6.42818938007797
6.971576009234998
5.887778005534717
5.633328149161098
6.092400633628467
5.506847260885677
6.70951650429209
5.664089972154037
6.181420765288308
5.5808079416759355
5.968431771521331
5.951960205432915
7.8088307129115595
5.967526644410482
6.133739338477099
5.4394096322434
6.128968580022348
6.088633548897097
7.209843054756955
6.673070279965285
7.310594994568116
5.796219091689127
5.812612581377355
8.586222030347784
5.810287433430068
6.212416383147389
6.187326566739093
6.75513551441132
5.550100787424724
7.205520602975262
5.660242908677829
4.91927743385406
6.6728075418154535
6.807491005383195
7.173002175555172
8.068048526060398
5.6949446087726345
7.00468377420178
8.176813368639792
6.683975069452837
7.409119897911941
7.405540181591157
6.538004630005718
6.596245127531793
6.01446677370045
