cycle_time
12.427907545423412
12.93941353752188
11.1900290513916
10.082062956530075
14.95198684551874
9.659513359407843
20.105193155766845
22.410490817873423
26.938026276049374
10.930483930016575
19.896340779400095
18.381890945534725
11.667537499192102
22.932847859074162
7.609466986152991
11.396305961632848
12.351899625942446
11.734061810325192
12.865268394864652
15.2177677269375
9.911620700715318
14.34976413340363
15.000360193443875
28.629895501874966
12.007380306923501
12.931350937143
12.398831941683005
13.963746597589406
16.0414098778558
14.37345170593961
13.941618247642005
11.048213202403133
18.816870723905748
9.739200394858704
16.743305194082264
16.21832557349784
13.027480843635706
15.133245688500903
16.160777219181487
7.78176769789463
12.081654287378726
20.987165920715622
8.986092139688122
12.934617609967693
17.03777745975073
13.931896244928003
11.452529591791397
9.083393087589958
13.848862920617545
9.770478512784207
11.65512224899339
17.52383150666893
12.769310557794494
22.191022324035842
13.157318855646066
25.90832549612012
12.817616216287679
11.84518155757984
17.370939287010486
9.164503993356217
12.296773014006913
11.580662023213202
10.275427322878961
13.281861664779635
9.759234972590267
14.88319412978687
14.391130733463632
15.487593908943461
12.831490806024002
26.815343459610894
18.16541482152557
9.03612552971826
13.233865958882458
14.609176057944152
8.280665896401887
14.473242275154679
22.217749307362574
16.472429022213046
11.515126918862927
13.215162380581555
11.729808073360653
14.278485986235484
8.72193705517261
13.597725107700876
19.076220452299886
10.870242151144176
9.179662079228589
21.842073305124945
15.980126865548723
10.84998884211214
28.094422394431824
9.949222203723238
10.696802474615076
11.877552705190414
16.13523240953054
10.631421131511292
10.799676554061453
9.790821937129639
10.681896195012417
9.358266731660125
14.10366012746907
11.924007890400905
17.572153262805095
18.211968420366805
10.192975719833125
10.03638602436125
18.07297836838318
12.743484591666801
22.028817970137393
6.978796963099195
19.56594773133856
12.851608501729935
9.628501888494947
9.310436552199667
13.178719099750355
9.294245399034784
13.308353766204856
9.882240543559012
10.566289317272048
9.179062163725774
18.03124657896629
12.77593303376934
12.989792942114434
11.685045933986865
9.7781837526627
9.267481460231396
11.127317706308467
10.86361277834504
9.722932034156917
17.41114012227038
11.306216504039833
11.132361202713126
9.302825295520893
9.312372427235783
12.526317804026702
8.647501227944481
11.888466043907242
11.273729597360711
10.18321319266676
8.979788820971589
14.102156118394088
11.33802661157322
11.419210852240848
9.702828678757797
10.135753747839544
11.436321359197533
7.609246389485108
9.911079481912726
10.604181932424396
10.164291329742404
8.556309579237928
11.699546449732766
15.349187707279118
9.43742168115585
18.814608789743087
20.478433079160308
15.94742236654079
10.0479731206705
17.708257294226925
10.905286867521978
12.709596930515968
11.096394451452637
8.072234536296904
16.624947278512998
18.93197905688009
11.811196533672108
16.070205791743984
13.584322315151388
8.805455090823667
13.84858456972733
10.179676092363762
10.000661585357662
12.866047135338142
18.866368699559803
19.395997238852342
19.22753298665405
17.124501096616637
11.798821661759302
9.9985427151901
13.59585632617157
13.78799940069671
11.410731455468888
14.42445964760352
20.30812835364376
13.540844121629881
28.710659050049728
10.66225436138461
14.517389341815717
12.358514684986249
11.319356354579224
12.247198013566177
9.743204727916291
14.210915111065564
11.716074202386196
10.638964804184354
13.756169511422256
16.30686654474781
9.760253166501878
11.81363038798517
15.155073053928946
23.085268539522016
12.749867262630525
17.90260634772784
18.862486285873928
13.016443442353264
11.355666780695552
8.505303667917039
12.730741955293878
16.705017748614118
13.282434527756163
10.74430571199294
11.966589987213254
10.369910367521685
14.524124817199283
11.816757809135309
18.486473223385232
12.628407051567816
11.22880691895752
7.221733312096513
6.082023112994024
17.932736216300476
9.547910274550457
20.070813951487853
10.899655651025153
15.37040074213816
15.780368952811799
8.965686426004186
12.81056957601967
10.37836305148473
8.632554340083257
21.026293084230524
13.772705790784103
11.851685994476156
8.082444131361887
18.042372485450688
8.990437052473881
11.5719176075214
10.53779470895525
12.248033320440667
8.834214509461738
16.83883343549821
13.617076305996488
8.45959940640892
12.13229112143548
11.087680155198694
18.11510759645472
12.095853660169718
8.707694341890365
12.19855786456096
12.652617601973894
22.913235712603583
16.460494449514048
14.222898687394292
17.784682695268543
19.178990177839484
13.15442048839298
7.746101734318953
10.316877931970684
10.156672630466316
9.625375097545854
11.832857798251723
13.71107205250223
9.991243523287407
14.592601827611018
27.715693090401864
10.691551452142
20.071458594832617
15.914761627727108
17.914821967461204
20.120796397867384
12.042815579518253
26.176489159200095
14.056663058843263
11.7083478302849
13.369947427393543
20.77110402720116
11.289368667178373
10.520513853553338
22.065552918657513
21.331529944941494
21.260668781740367
10.308212131133324
12.361425525031335
12.321032717717337
10.993212343095452
7.438141855840864
14.786579885688642
13.946627361440326
7.330977901471533
18.174212536489364
15.952809348774977
8.210293343076824
8.586496664123448
20.436448298749788
14.775871998672262
17.28192383443002
15.517746549058744
14.044797464465166
16.548704890573738
20.27529218174735
