cycle_time,spt_policy,fifo_policy,shortest_queue_policy,longest_queue_policy,postpone
6.8884434744188345,1,1988,10,1,0
9.766532278472335,4,1980,16,0,0
10.07548856204092,6,1977,15,2,0
9.094901782430847,8,1975,16,1,0
9.688715023535067,6,1980,10,4,0
8.788978202215258,5,1978,14,3,0
9.260131942033306,3,1987,8,2,0
10.03511656011806,6,1975,18,1,0
11.95592099529051,6,1974,17,3,0
9.858824613770281,3,1982,12,3,0
6.886646003239796,6,1978,9,7,0
7.804671537655301,5,1978,13,4,0
9.802830521063743,4,1983,9,4,0
6.571922839248111,3,1976,16,5,0
10.248516356678167,5,1977,15,3,0
9.691970678666902,5,1979,11,5,0
10.050392630375875,7,1972,19,2,0
11.440114234503902,7,1977,13,3,0
6.904084244448351,6,1977,16,1,0
9.165855872146688,2,1980,13,5,0
8.023237745204773,5,1981,11,3,0
9.708909410839501,6,1974,18,2,0
7.718244990489512,5,1987,7,1,0
6.077407485314778,6,1971,23,0,0
12.331133720137734,3,1985,9,3,0
8.345981493893008,6,1978,13,3,0
9.845633455386245,6,1982,11,1,0
8.031781357244878,5,1984,8,3,0
8.587383480786505,5,1985,6,4,0
11.910858300107078,6,1969,20,5,0
7.42822589272829,10,1975,12,3,0
12.659031565516996,5,1983,12,0,0
11.121177800484126,6,1966,25,3,0
9.092251935697131,5,1979,12,4,0
10.74845445556848,2,1979,15,4,0
7.185848041615364,3,1982,13,2,0
8.334313948795302,6,1980,12,2,0
8.90754754619896,5,1981,13,1,0
7.265659685371017,7,1981,11,1,0
14.746078117838028,8,1976,16,0,0
9.114104510769584,6,1983,8,3,0
15.670467020528971,8,1967,21,4,0
6.412774001810567,4,1974,19,3,0
8.86952890461345,2,1975,19,4,0
9.549384733512564,5,1971,19,5,0
9.383163243408548,8,1977,13,2,0
9.016094080596007,2,1978,18,2,0
10.021611751018458,3,1980,12,5,0
10.941982596418832,3,1980,12,5,0
11.768552255281534,5,1978,14,3,0
12.830564374650724,6,1979,12,3,0
10.970051027631296,4,1984,7,5,0
10.117722531555984,6,1972,18,4,0
8.069482929515448,6,1980,10,4,0
6.6216407496783924,9,1976,11,4,0
7.810625727465396,8,1972,20,0,0
13.513088896656601,4,1978,17,1,0
7.926573344553754,5,1979,15,1,0
10.40971539376732,2,1981,16,1,1
9.086042740619721,7,1976,13,4,0
6.980195198338099,4,1978,13,5,0
10.269206451031478,4,1984,10,2,0
7.043401539354778,7,1973,16,4,0
10.250916839010724,7,1980,13,0,0
11.584340743562029,5,1979,15,1,0
7.562557831491261,6,1979,15,0,0
12.189030223937985,4,1972,23,1,0
8.799497222622193,2,1980,13,5,0
8.0756716655513,5,1979,13,3,0
7.032505826807,1,1986,11,2,0
9.07277157318792,1,1980,14,5,0
9.990964389511115,9,1974,13,4,0
7.033927605465929,7,1976,13,4,0
9.138435273130366,1,1986,11,2,0
11.979197792312368,9,1964,23,4,0
10.692470917863579,2,1977,15,6,0
12.189570023426702,9,1978,12,1,0
7.7055743153886205,5,1984,10,1,0
12.470165233037273,8,1977,12,3,0
5.975294565114833,5,1982,13,0,0
7.038490360544765,1,1980,16,3,0
6.950550737334761,2,1982,13,3,0
13.247942355392837,5,1974,19,2,0
9.575443080830292,9,1978,11,2,0
8.533898042701477,1,1982,14,3,0
9.135200028422483,4,1972,17,7,0
9.867449268439662,5,1974,17,4,0
8.82183279946995,8,1966,20,6,0
7.602147755917801,4,1990,4,2,0
8.613441248000404,8,1979,10,3,0
7.624090379888183,9,1967,18,6,0
9.387863287901265,4,1979,14,3,0
7.122421064232563,3,1982,11,4,0
9.02278558738319,11,1972,14,3,0
7.03812598996708,2,1989,8,1,0
8.473994169336857,6,1981,13,0,0
9.412598535417343,9,1969,16,6,0
10.095602191217425,6,1979,14,1,0
5.958142364288273,7,1982,9,2,0
8.388082552805438,4,1981,12,3,0
13.009133801018963,5,1972,21,2,0
8.075776752358612,5,1976,17,2,0
16.729298571841206,7,1978,14,1,0
9.116474129122516,5,1976,16,3,0
12.099791729081183,6,1977,13,4,0
10.18233595741101,6,1985,7,2,0
8.021959273357636,6,1982,10,2,0
10.19915738555629,2,1982,15,1,0
7.836729927988625,3,1980,12,5,0
10.629472211303591,3,1978,16,3,0
12.738885320150166,8,1972,14,6,0
9.646815483861673,8,1973,15,4,0
12.490576560505488,6,1982,11,1,0
7.418970278582778,7,1975,13,5,0
10.032798631192383,6,1982,9,3,0
7.301066436728426,4,1983,12,1,0
13.891212105861388,8,1975,15,2,0
8.188301126409746,5,1971,16,8,0
7.977713473812557,6,1979,15,0,0
9.217998305042348,7,1982,11,0,0
10.097541701437944,6,1981,10,3,0
6.667281696968582,5,1976,14,5,0
9.107833346380119,2,1987,8,3,0
9.254206353031986,4,1983,12,1,0
5.718137250771466,4,1972,17,7,0
9.7851118314779,5,1976,14,5,0
7.620692769131302,3,1981,12,4,0
9.653462552288705,6,1972,19,3,0
7.4542307118431745,7,1973,16,4,0
8.758217500204346,4,1980,15,1,0
12.883179398589757,5,1983,8,4,0
8.52708473861629,4,1978,17,1,0
8.270499784318552,9,1974,13,4,0
12.380706892930219,7,1973,19,1,0
11.580269271080253,5,1972,23,0,0
7.920982484233215,5,1977,18,0,0
7.072876119962737,7,1980,11,2,0
7.223376833604155,7,1974,18,1,0
10.556360876680413,4,1977,16,3,0
10.716067710653197,8,1968,19,5,0
8.699970884090556,5,1981,13,1,0
11.70000963183782,5,1978,14,3,0
9.989376194685274,9,1977,11,3,0
10.080258559140113,6,1979,14,1,0
9.42117482445903,3,1978,17,2,0
9.187180850480646,7,1972,20,1,0
8.34167539402241,8,1976,14,2,0
8.437717624560708,4,1987,9,0,0
7.317070832562264,5,1977,14,4,0
12.24892916804419,5,1978,14,3,0
10.095635269912169,5,1970,20,5,0
8.09563450780287,4,1982,11,3,0
7.212074407841775,5,1976,17,2,0
10.923702000820546,4,1978,11,7,0
8.632757183767305,3,1983,11,3,0
9.243150899181137,8,1974,14,4,0
8.785325377676939,12,1978,10,0,0
11.198987231888834,5,1975,14,6,0
7.341031816257832,4,1979,14,3,0
10.439421367290153,3,1975,19,3,0
8.896041256223143,8,1965,22,5,0
7.45192096874269,6,1973,19,2,0
22.127899170137333,5,1979,15,1,0
5.515464069695975,7,1970,20,3,0
13.875741483801441,8,1978,12,2,1
6.979493245278556,5,1982,11,2,0
8.955697758370098,1,1991,7,1,0
13.132365350344061,4,1975,19,2,0
8.11041008925698,6,1975,14,5,0
6.4434231956540575,5,1974,18,3,0
9.230284319052913,5,1977,13,5,0
11.309733748924225,5,1977,14,4,0
10.217122175298243,6,1982,10,2,0
8.907961799613277,2,1980,11,7,0
8.478349273905911,5,1978,15,2,0
7.46171687034821,4,1981,15,0,0
8.85505173786639,3,1983,11,3,0
11.102561262297888,4,1980,10,6,0
13.71066403713162,6,1981,11,2,0
11.16850568661875,7,1981,11,1,0
8.753611394895637,2,1986,9,3,0
11.48046363397688,3,1982,10,5,0
9.345366279741345,3,1968,28,1,0
10.812568836791728,4,1980,13,3,0
10.610598450539003,5,1978,12,5,0
10.882994684384144,7,1975,15,3,0
9.145951386516037,4,1983,11,2,0
8.282499834262914,7,1969,18,6,0
16.184942968476598,5,1973,17,5,0
14.778839809788595,2,1988,10,0,0
16.395323001189908,5,1973,17,5,0
12.113812853245644,4,1978,17,1,0
10.011639961248221,6,1976,14,4,0
8.743255379959717,4,1983,8,5,0
15.571264981716299,4,1977,19,0,0
8.887112192842906,10,1979,10,1,0
11.28937866426279,3,1984,12,1,0
8.660313505946936,4,1981,14,1,0
9.992849709112068,7,1983,9,1,0
8.623830400436775,3,1986,7,4,0
7.354932811941653,3,1982,13,2,0
7.556373204956696,4,1980,14,2,0
6.951619439283045,5,1983,10,2,0
18.605522482679614,5,1976,15,4,0
6.107816284283434,4,1973,20,3,0
11.994616668520878,4,1979,15,2,0
7.3509861212578596,7,1976,15,2,0
10.426819172452992,6,1973,18,3,0
12.863909304703094,6,1978,14,2,0
8.545995970611404,4,1980,15,1,0
7.6365410927527595,3,1974,19,4,0
7.7441673217511955,6,1975,18,1,0
10.01950649339973,5,1971,23,1,0
8.168971583152949,6,1982,8,4,0
6.418738178112897,8,1971,15,6,0
7.982719602970078,3,1985,11,1,0
6.2883254152377495,6,1968,20,6,0
10.41648157379236,8,1979,10,3,0
7.8951363758306785,1,1982,13,4,0
8.00166926727244,6,1974,16,4,0
9.862492098138532,6,1979,13,2,0
8.534819728803717,3,1976,18,3,0
6.994074862989314,5,1973,20,2,0
9.6410077654545,5,1974,19,2,0
11.159721282484895,5,1975,16,4,0
7.664333822440677,6,1977,14,3,0
10.427711542042747,3,1980,14,3,0
8.301342847306051,7,1976,16,1,0
13.613587102499883,5,1975,17,3,0
10.426124318809352,8,1978,10,4,0
5.827108609776193,9,1973,17,1,0
8.881735905953379,8,1973,16,3,0
8.431272053777622,6,1970,20,4,0
6.687340921980553,7,1973,16,4,0
16.125701769008504,3,1975,18,4,0
7.75231848942879,7,1978,12,3,0
6.023807684953516,8,1959,26,7,0
12.920429067289314,6,1973,18,3,0
12.18758661221853,5,1980,12,3,0
9.117453679484484,7,1977,14,2,0
8.642994886855444,4,1975,17,4,0
6.765043986198538,12,1969,16,3,0
6.6064445545844475,9,1980,10,1,0
9.529477092289428,5,1975,19,1,0
10.222616931741586,4,1984,10,2,0
6.277850744407515,7,1978,12,3,0
7.543390088312149,6,1978,10,6,0
10.485867950644813,2,1989,7,2,0
8.140159778840676,6,1977,14,3,0
6.7649869547490775,4,1982,11,3,0
11.713711900820691,4,1974,20,2,0
7.048294026603735,5,1977,15,3,0
5.768325850872469,2,1973,16,9,0
8.381484597984977,5,1982,10,3,0
9.291263511962796,3,1983,12,2,0
9.378238190778811,4,1979,12,5,0
10.980317520896369,4,1985,9,2,0
8.062709556202478,5,1973,18,4,0
18.28399623609546,2,1987,11,0,0
7.83773564390679,3,1985,9,3,0
7.618193779156601,3,1981,13,3,0
10.055046801092713,5,1983,9,3,0
8.86797741673462,3,1975,21,1,0
8.89750789568273,5,1974,17,4,0
7.319870485285174,9,1980,9,2,0
7.053208296384933,5,1981,14,0,0
7.997341740742139,2,1971,26,1,0
11.935604947382652,4,1981,12,3,0
8.786477732424151,7,1974,15,4,0
5.9966356946062245,7,1976,15,2,0
7.393225658709797,3,1978,17,2,0
10.094487978850479,4,1978,13,5,0
6.981607554324857,4,1981,10,5,0
7.933032871203539,5,1975,17,3,0
6.966487208353386,2,1983,14,1,0
8.89510216557598,10,1975,12,3,0
8.88552154702248,3,1978,15,4,0
8.977687248103383,5,1985,8,2,0
16.571526987676393,4,1983,7,6,0
11.703294949792951,4,1988,6,2,0
7.195578936632414,5,1978,15,2,0
9.765356222386702,3,1982,14,1,0
10.540533172057241,3,1987,6,4,0
8.57607247707102,5,1974,18,3,0
7.989131273854202,3,1980,17,0,0
17.57866926343048,8,1973,12,7,0
10.99226542326784,7,1980,13,0,0
7.233399742889987,4,1979,12,5,0
7.864293342928899,10,1974,12,4,0
9.2080030210093,4,1979,14,3,0
11.429120137866292,2,1982,15,1,0
8.935101791333318,6,1978,11,5,0
11.424757506299809,4,1983,12,1,0
8.353450092132213,2,1985,12,1,0
13.747740024112511,4,1982,13,1,0
12.053369444011649,5,1970,23,2,0
8.396391728790897,3,1981,13,3,0
7.600869813038558,8,1975,16,1,0
7.3812777424363984,6,1973,16,5,0
11.220937219695811,5,1976,16,3,0
