cycle_time
8.998952420830772
7.651176037876224
13.419059672662451
18.72552835119005
6.7189539610451074
9.841834374869817
7.661449666018822
7.7325565243842584
8.71086549122322
8.766648345570808
10.186307122006404
12.779022937023306
6.999208693821165
10.173182110638765
7.09321277764376
8.19932972822968
6.9150485687595244
7.77153768856232
9.648587762859
8.589584939360165
7.349380373912139
9.446219034795476
6.646199200885763
8.335476631804005
7.075162224772933
9.053278851754394
6.770408015701484
11.568744497309387
7.606103281634659
8.203441241608289
6.545208227931426
7.747371156985106
9.902224349904076
10.527255725736367
9.09606398033225
11.638916812816342
8.382345220763913
8.284381533605666
9.786974323711714
6.0978108160306315
6.41514941238567
18.297335278868495
9.758260602926212
20.094292408587865
14.503622353828256
11.082710117052521
11.472061399261419
6.214560384590499
7.501896484704978
12.414071050590533
9.557528887072754
7.643145960135792
13.408164936321942
8.140593420635268
6.349113703277924
10.987953181923139
6.713353078793533
27.98924796872959
8.958464914337249
14.003822385943065
7.387696637219358
10.666494633627202
8.271813695524644
7.006096394415978
10.458872550820836
6.592076433857976
15.014529339815354
8.354789393714583
14.022229639601536
7.068668227291654
6.884498400343493
8.5575374433836
6.535924877942291
9.720445886763953
6.534143676116077
8.814430989893689
14.117862299915728
12.443439697401281
8.940619211597294
10.279514731677326
8.024907044922823
7.609975849832302
8.720632779878976
7.928441508373708
10.82520985578579
7.774465169696306
9.620447716179667
8.855178915436664
7.75573368366645
6.933361751338447
11.655888717989006
9.871317895456299
9.169980608510423
9.100448607629291
7.792030153324254
8.473594695347812
9.744273846873703
11.827705551223492
8.801690904051917
6.938170877302513
8.53300271088456
5.994835279614329
7.100205351656129
6.806888971125034
6.467758663519272
6.662176669445259
8.623959279657937
7.579262635270962
7.248993214362235
14.572872782489515
6.92531829366007
7.843780034547601
7.545621185510526
8.307895791751793
11.41715101139433
9.813193765819092
6.881998136093579
10.42413611526268
6.84429375693677
8.0168063610406
10.64970643114936
6.94971627534876
8.889069702938263
13.22916822270564
9.077080431792035
7.216766019500463
8.31680575637553
13.469487257383848
8.34639478045
5.793433565748549
8.31075830651546
7.247145025945909
9.262705771134508
15.05378277208904
8.490758156721874
10.036569510142002
8.492481225320017
9.74480664288367
13.144609807024034
8.195258098443174
13.726543179936874
7.336410209523392
10.579507497120046
6.74359762535602
8.147446684157261
9.463053045311375
8.362117847073105
18.407298454311803
7.340885095852332
12.686559890608217
12.923146362153062
8.601604951415089
11.40047954905022
10.215402472850661
9.227203239183282
10.019241201706018
12.464499505200768
6.603743358486737
6.400203253425533
7.097643756967887
7.575443028279685
7.965552255533951
10.982919998230017
8.530601774974466
12.099464805490104
6.249668336117229
11.936902315110089
7.782612872508732
12.998028761399237
8.50323410082527
7.748553671230069
9.727177372275785
6.724473315415952
6.268346453654562
7.216185011731655
10.410174507900598
12.853852489995997
9.893143619456568
10.156777205018544
9.557349995431723
6.670650147504681
9.208426124683662
8.341072472007923
7.851716714150911
6.563289765863378
6.4275724983209495
9.758772656455974
7.303956871505059
11.61835717353115
10.238530095463604
16.637152212080355
9.185893257449044
10.124473224694633
8.110617804095716
10.093850429251034
5.886020386233286
9.15937037379011
9.646418300079254
8.509617204395726
8.154667779419304
8.56093070015672
9.176237672073544
11.908920995518491
7.23529872968067
9.812340344527232
22.069789814748624
15.561219609605887
9.896859641627868
10.120641760510077
6.954098679965991
7.693116622556249
8.090135125221593
7.515255634780646
7.101184712649581
16.07910471938512
7.775950788917799
12.609933669317458
9.73891613005551
11.832121910905402
8.223560170353556
9.649546047807805
10.702660749978744
14.533840251819417
8.892946775106537
8.44958958456917
9.504750146369979
19.888692927594136
9.83412455910685
10.046236486224265
8.805222206477907
7.350387798714236
9.034564760317387
6.30904319212692
16.903403825878925
9.42926187256321
10.143837122290432
10.335486453181181
7.551949778668703
7.4778827921667075
6.705702770003548
9.039087216578883
15.43653321488485
5.661467834791961
8.332931613565641
7.500481083197063
14.459021803539988
11.997282478613469
7.453113402974286
16.051642417261082
7.1216434547933645
8.758082587475498
9.128258610181726
8.18705288595525
12.17681494479136
10.367168667283448
13.901302188624427
7.569087668223303
6.6992435023731804
7.715289273427489
15.996454565522894
8.28264417106139
6.916635655046728
8.589489904094606
9.316822178603163
7.8079954381449905
10.390736000114641
11.513447986614102
7.936704838491895
7.946571622257149
6.921054591232749
8.537630074912414
8.864387554747276
8.450244167426842
7.691088059767665
9.772900238354385
10.469779140095095
9.808637419085272
7.489552951587628
7.449689435286149
7.926757254558196
7.874041493716462
8.011868583839831
14.757583494730422
8.72206002649652
11.412787872172297
9.190411656039542
10.786282632428536
8.219963093115618
10.855698870272306
7.784593523194463
6.7760130544858335
7.229805813857999
9.03907631622532
9.26820927613106
10.953802716062269
6.981832250542174
6.649970316394533
7.692749772716819
7.491307823075641
10.076198145561055
