cycle_time
14.106774746014459
13.254284864958656
12.089279823803835
9.93702356587497
10.315267685174298
17.188928933746812
12.941648141492358
13.57694220673804
9.649418450438686
20.037632305254043
11.126613019405797
15.80379747778408
13.038106736151743
10.19291296484082
14.580878103562139
9.884989146732112
11.146721484548888
12.60253741640014
11.091843787683024
10.949094648320521
16.64135667992906
16.887496348301998
11.633864115027523
14.117128118899627
9.194754080710528
12.666997719245723
14.242210788976374
15.154410183195642
18.66943603911742
13.410644361880182
8.048393366690629
12.030950336652161
15.819821913035128
17.393211598728012
8.887904126540015
27.761088584791597
21.782867888647964
9.334891904835683
13.371480752629951
16.388803885904505
17.694167701037703
26.849039831975194
10.250750928804624
20.408915324154872
13.78400245486635
15.74352604094659
13.748631457672209
10.965073602382098
10.034145073049393
11.743080033280881
10.132699459713471
12.999101690210294
24.8231327538457
12.414805318505634
11.988732983988688
9.881710924521588
22.069039812210743
15.442374354969468
12.880001132185791
11.581443555464187
11.811962066507183
21.968604174137916
11.263425142052025
34.68842636381757
13.592408852973884
11.926038338443393
10.12510872648493
11.1939784219123
12.853284778927424
10.319831114589642
12.60142820063622
10.19439750360121
16.18267630065532
13.821289120226043
9.985393898015971
13.675439158553086
11.210752106111448
13.568778744022168
8.343507809701354
9.868530664327876
14.482447178666167
11.239440060446743
16.687688003272555
10.117218359540084
24.414715288933753
19.252695666839198
15.67884373772077
16.68517212733628
10.101413974549647
12.22530189361495
14.925875509231036
11.22874834601352
9.210124569071601
11.262963826353435
15.556656539034316
12.706131500662492
12.982036382100244
14.966376735683028
16.184388890535967
37.78492582403321
10.377752764080086
10.616817566383041
15.015544352385346
10.690721143362335
10.806916341262484
9.050587806693557
15.43798907107341
10.965669327391886
9.088512040274155
10.900138990649296
11.570764475036919
11.114735180802242
27.213976868878735
9.249917680928975
12.436775706173941
12.45645625054559
9.047306804069972
15.183115981568095
19.22917517529038
10.65333666146682
18.78307366687098
10.359126785948975
17.602005985134973
17.423470984362247
9.623382065479761
15.900846861493157
11.386366742195003
9.627559310547689
14.563865512806125
15.148657922432957
30.982047933786724
14.130184717955567
13.697407101691695
8.929731760876567
15.65949481871979
13.932780218872924
21.107927950873492
11.85434793888413
9.60698490327405
11.492181506111999
12.804169734153012
20.1391425544531
9.864506832040579
9.502401392424831
10.747675627364355
15.628489120777243
8.033001900406514
12.546459466841622
14.817551282265438
17.41663770235784
9.463792462147929
14.344514065757012
12.994070288271194
13.032317322296533
11.26004168983421
14.57771756343327
12.780076841496419
10.531627583136943
9.17659598277596
13.516194145110866
13.445147029276217
13.914984539923589
7.613041981251329
14.662767670863888
14.168950598994961
10.223477318224528
14.58799827380857
15.356370847741415
10.943576963790356
17.050704912085685
18.86317824817735
16.254605991903336
15.755575843607733
22.237094387673924
21.175498569612827
11.358345320998774
12.454747956634474
18.828411504640513
13.678213318025868
15.517511690317393
13.178089723100724
16.457930814712515
11.368933673417994
13.515970418102498
9.877778911132378
11.66911094051275
9.595928672593939
16.878490609209045
14.035320532641746
11.882297904668459
12.667499645956747
14.968642805423778
22.07941988327522
9.282324238340298
10.164678446651168
15.233631622462593
9.78308159367195
18.5570225660417
35.68690692690491
16.918938548168654
10.666808696801697
12.813153797172617
7.141706743984461
11.244210704306242
9.927918634556997
15.626151153350614
15.76715086628664
11.707638674468026
9.705658358636354
9.27075546266499
16.19203712353474
9.368736879597398
11.490178794813506
14.447724743432667
30.120751773988758
13.900869756228643
15.538952987188523
14.031766969819595
18.32531947054971
14.793967257180828
22.225143660146315
11.08056120076595
8.858887326716001
13.766356543312735
9.831527607675737
9.388549871913833
17.34928590450074
17.315649611787304
16.2364913320241
16.606325737978473
12.919394798829408
14.525033709327026
11.911402338980482
11.3039153839137
8.798284276175417
12.228641810667927
10.828157315572822
14.22458128837513
11.745774962777846
10.026514046260312
17.0746625781238
10.782581791715108
14.044732448494281
15.891304757466333
12.473192070384755
13.471858483239588
11.305669502199967
11.874212196584551
7.783688332064058
14.677207958397052
8.241588757687463
13.631533390075079
12.18290863382615
15.08117244453238
13.618444429158538
11.308124685258372
13.07814451520394
14.309702176587969
15.011015140120053
13.531498729531174
12.951997771178366
14.91837303686921
9.098486551424832
15.305835165777813
7.182960025402355
11.983561696705097
20.740014978411978
11.629412004657846
25.154279263988087
11.098722403548305
11.309259055706113
8.829530712665987
11.37130873964571
10.55476183013729
10.571354435013681
13.254250295808719
10.456806883070497
16.66439689586253
24.08157721940777
11.533531191663197
14.994743414024745
17.96149122609217
11.215688359762225
11.85084016995749
12.005604923883684
13.407170939622514
14.059184114755562
12.953330025369105
24.841466102481185
12.978785137901966
9.76183338716884
20.39681874318079
14.005795410575255
11.077447322314503
25.199773432218716
9.114034523556862
9.041595571020277
15.655591396255339
10.4322427745556
14.822458202352855
