cycle_time
12.02598051790962
15.945988081640852
12.704597980848375
13.888872369824892
10.076940472854583
15.47772356273902
10.098052160281034
11.465920095835546
16.618731724983757
16.142677587127338
12.227999835232348
9.733660634156937
8.194234799202636
7.588489488030961
9.08225033063552
9.769849628254624
22.96662482093797
13.807227373433772
10.129746366069034
9.454057219394068
8.680464946685744
9.910682684076821
10.393271616897493
13.20808862592259
10.291654642809974
7.493621302266754
14.07135705524965
17.192467552097444
10.160859513368965
10.414256932164259
25.42080226427656
8.686564903556572
8.846114309324557
10.750241133286616
10.871953455794426
12.998456587932294
10.747609788834946
7.652197851477755
9.270804092336384
12.292275773094682
10.360297530122383
9.763715829904356
12.934273733359266
16.539930846356377
14.201741770759147
12.239223916315279
14.812874963633423
7.95301699219411
7.781704784766321
8.905229337895905
8.708884058596224
7.762395561303319
9.682206001102834
8.667273243823397
12.819705568882059
11.948352750500797
11.859354088237392
12.06489782564017
8.288227663296789
9.796522977283635
10.728190798470045
9.162111539675626
9.34842478172852
11.187594713234015
8.613268013209588
9.618391377598233
11.99396426720172
8.870646431898727
14.423383488287053
10.615033289479927
10.765419796268791
6.979049705215298
19.011316238155235
8.619418509079981
7.403975343717623
8.948808865167537
7.6094486533448595
29.057773952106356
7.7669813228392375
7.881289227537268
7.990332161886387
13.960262635214615
10.534504361472388
14.787755962177624
7.96320373788652
6.652269842418663
12.521304663091835
14.197431519962661
11.228163794917975
11.749336053244036
10.928394530941995
8.427939957462824
9.829613167373589
24.977829808004756
7.604100705709947
10.454145864754354
8.829757624263696
11.6096000000501
11.482587787049114
9.367987922660834
10.48319067773994
16.471208548342986
6.607472197949495
8.33546672601747
16.735058377412365
9.598695605904245
12.524046678247494
18.377360928977446
6.385821535680519
11.482811659191762
9.033802091135792
17.31288450557182
13.238537458848304
7.204986986095159
6.829586273982867
14.532676669196148
9.105405987034423
11.077540297205472
11.97734322593426
7.0308557225251285
22.964418524762355
12.556829618648786
7.133473416046897
12.278940632860373
11.570127499213488
13.894829449748494
9.150399837599766
10.506560724374488
9.927597978216639
8.637701712878625
13.516724369446598
18.877482356041952
7.573270860723825
14.134884097227305
11.510004974939484
10.118707734056688
9.967510520107503
11.336741984708734
9.744614024223923
8.766992799343804
7.132299112139013
11.693349698348902
8.845421727028926
11.084799608746126
11.519244933840817
11.709882371173924
12.708753651342887
9.536985441215679
11.442802836659743
8.407869935060406
8.194190274857325
13.103307673474013
14.702211040791534
14.345942595079066
8.097509759831762
9.491353027167685
11.29323817792895
11.755177862274799
7.218561840266845
11.217064109186879
8.756501134613119
10.171385726011998
13.08439492866631
11.49245689751316
12.29791561763688
8.416392108039316
14.691154131551265
13.034681301948163
9.903803861624542
12.553535224753379
18.719731522265054
15.394617164204082
8.417242025457545
11.589711227943294
12.6031091659576
8.762503860076233
31.82326096515052
8.95568126618845
11.544105810870743
7.393977625262866
7.299271120201596
11.438070871583578
9.784252055866148
13.405647878526526
15.854523163790084
7.821843527697001
8.624533130845528
12.655585822110883
7.9615198513576235
8.207662253569762
8.768934465444506
6.0663321824821
10.463920698199654
12.17469685217441
13.005749219023503
11.082613628766326
10.354700319995874
10.682997255881252
9.210582312284934
8.407876412396922
10.40942694237532
9.609138542024903
16.13939809450525
9.698396052654875
12.816177903801625
9.188347325773563
10.50340378833598
6.607555941691964
11.19815543342313
9.94859531465991
10.77464437555847
8.894413683992006
7.621443024065115
23.483863231356402
8.065158294219351
9.73238157301772
11.48994466907643
9.358321757360798
13.163960426299928
13.592089318782902
13.151796484113357
7.051677319256461
16.4677567886566
14.604030973942312
15.110760174535717
10.518901912864777
8.146941381666462
12.215386302434315
10.520299606182336
9.822716605871394
8.319307061218554
11.899919938314207
15.052134717289688
12.164004039056266
14.720445730207217
12.604096021476007
12.716944772013568
11.413964389688484
15.90152777547158
9.81481021834291
7.587853366660693
18.04703156995131
10.904316798226391
12.823671831648186
9.44379336442804
9.807410205729395
9.542892860331149
8.799411264662009
10.891707394555645
29.589669729930556
16.466759263159318
19.45759486484451
9.263074025569491
18.150063506590236
10.39317151177001
11.101801751897362
11.68958337068777
11.602537200349007
11.784352764704849
11.22602243235327
17.77385718804669
8.798522045964114
15.296516197324078
10.339954864328417
13.064089318552641
11.353836985332418
11.811714749269346
12.262645861656093
11.793872044801375
10.083238005047194
10.626430576607405
12.478646392218634
8.237755080094638
11.24510855406564
6.751129834350211
6.92339614472928
9.178113380932677
11.944519491095443
15.585388907841965
9.756696729778472
10.228712227182312
15.296642927410907
11.049356796245583
8.60589744555193
10.279310883139804
17.643246515256493
19.75753011821665
18.80100056198915
11.849234424557865
9.37253498969176
10.077818865593128
13.227669634517968
10.863868960590384
7.435157664421492
8.580873942885072
8.544817626511133
9.22391321160046
10.857145861473194
14.06609635004009
16.714817961337804
