cycle_time
14.353101635874493
12.988039323575075
10.313154412384206
10.819911974995332
16.159923818174352
7.340359000890479
22.2352277246331
15.194530580208383
10.75463087240243
14.567711514505373
13.83785237570087
14.929972356078753
8.748548409915959
14.097077575631854
15.979038021162221
19.212188225173346
13.310227479439371
16.139268846192316
9.337552061270058
15.34637705887533
23.653377440584975
8.935773197045334
12.645398426726858
15.460477618878164
17.45848244366675
14.807331935873835
11.65795777303855
15.177211393216089
16.325236959113234
14.791117518284612
11.030745180767733
16.674363304553623
13.803564269514332
18.105969720596217
8.220240726146962
10.831333290702155
15.775217613169847
10.039982854452838
10.676989575811067
17.306288289794608
19.179230727216527
12.575155880112964
14.815078086722014
16.56313316412061
15.589432795369417
15.374739699234672
15.347739524766915
17.794700154497388
13.32010315120443
12.365958602391402
17.2110450013501
12.170406205326945
14.384389638974403
8.702207222932321
12.814120404921297
11.243672080662767
14.452857958982536
12.744052840184663
11.008299324093853
9.203642723635086
12.261451231022374
14.889208189368453
23.01864476991244
13.155888141505368
13.171989590466898
10.61718276621523
11.804964655183564
12.039136552107195
9.919035132602492
12.296518857370335
24.9407376158932
16.313847144798896
10.438074677867544
10.765162306227547
13.691235071503387
8.994831133046137
10.577732964020138
11.902173767912506
22.69984733181797
14.666162748722952
10.621327758890578
10.816214165015964
12.185775115840235
9.651466507715508
11.0523398381094
16.561578609254102
11.536505215795586
12.466837316235454
21.847675873971603
17.3923892133242
6.922723026559615
12.650718278093063
26.66988553757154
11.862972949766268
14.677993147825118
16.231983147893942
14.72442969859264
17.782812472997147
19.64167406877826
18.603618515373324
17.872122198053145
11.720228666738182
17.60484302368665
9.4499140408951
10.313338947412472
10.661278146193656
9.301492915118148
9.702575998100492
13.520623491200807
8.864994331878618
15.628292911587177
26.416261652611965
16.82606747921902
10.672596324655279
12.728642835173007
11.455165510234739
11.781703941247079
10.075378189351074
15.894543005328767
9.24785115404129
11.68601137237874
14.50828420210862
10.70226055816313
10.5968318754271
12.039898940625266
9.184845806247328
9.629557986056975
10.552470329826336
11.758009855902202
13.340661363872648
13.298971527446783
11.418843369604536
13.360716563023265
13.030344661016233
9.386891064882109
11.928968394731188
19.132783338847677
10.952730816331494
11.82936887270296
12.492391250478486
10.071884689337182
12.73805679528171
9.717392867881474
12.270530473942616
22.191456502978763
11.110159314312087
21.00043360763401
21.576737344182877
10.585096945353577
11.624748247786089
11.192032042494928
13.796624529204902
9.261229751171042
12.838195368035464
8.117659590501047
12.744786268168976
12.346147188367532
9.751225322644542
12.042598420555484
9.503836099791393
19.841963693793367
11.665930845606594
11.325134654562603
14.817634290400676
16.439296185313115
11.189057107001323
13.034929383056717
14.547637626973577
9.75665461370993
8.183334010664161
16.473463772796325
11.978885021833337
10.93044256390776
15.172358709235002
11.271095746829817
13.83866823803778
17.910341202325817
17.478233010317528
10.416583661979802
11.149220131958732
13.026475648058216
11.811469403210786
23.61013844589199
10.345087388504895
32.090442978553334
10.307781267317022
17.55275122442509
20.617733286781142
14.739816365144984
17.32981894888099
8.437907817868135
11.605340594180719
8.511511902222624
9.806461630318982
13.626617038936416
12.207570368084896
21.062263433389035
16.342352737124724
11.30079582377182
9.895290910514708
19.339745594220485
13.196177547909556
15.421869033940514
26.024389217566377
15.034878113120275
11.177837332341408
18.563688106936382
14.404267103317688
24.48799298168597
16.409438495219053
22.796566221581386
10.094764958604397
11.220496264173729
13.208043455596941
11.995500595683808
8.137551730771033
8.344856277977971
18.200289556204865
9.808508589494338
9.428287753385677
12.921741842547034
12.609815386701696
18.29337829262733
19.114864217269368
10.31733790410906
13.66039503509036
11.006452083160623
8.047532889729252
8.586437175757286
11.726811504101342
31.31076081662054
19.986827384222718
18.60576134067836
14.088834915516115
11.77440659781802
13.702900603020357
12.295874630791682
20.08007578809239
9.694594967808792
13.411092539685095
7.180269095828802
23.48680799068717
17.549115114546577
17.378975730004637
9.869470381035386
18.158800095435673
9.884242652842891
15.096886233873292
13.422148274742813
10.766976487367925
12.821231598746397
12.896410660612634
11.691189694240462
13.79226669536888
11.647070006703268
15.979967350356194
17.415355278814072
28.305532377226246
14.250076647970495
19.760633144211553
14.738878413945262
8.238612560928454
7.548303307153388
13.634258096482165
10.469349765160835
10.654032322295041
23.815345353959994
14.616755708683467
13.331294496735456
18.699868685217552
8.458550022925545
15.592159730150675
8.07076426482656
11.16711417022169
19.253221079605115
11.740816913082906
9.348603886015322
9.596204372382406
11.963514768953958
11.175682352747941
9.668634761098227
12.920260789408468
16.828734513512565
12.41440526140842
21.10330196838463
8.916098033011526
14.440295701899988
27.779352481388774
10.066184243400249
16.473333433928797
50.37534615384018
12.274525965481468
10.554974759714451
11.491945026502385
10.67258630317207
15.34650490081057
22.687389006610594
15.38330476638274
10.077516430293983
14.054461884350973
