cycle_time,spt_policy,fifo_policy,hrrn_policy,longest_queue_policy,shortest_queue_policy,least_flexible_resource_policy,most_flexible_resource_policy,least_flexible_activity_policy,most_flexible_activity_policy
145.58831493360222,10778,9159,4267,2851,4009,6119,3352,3830,4130
139.9748010180507,10410,9058,4667,3169,3900,6280,3392,4264,4456
179.8105394944701,10093,9363,3745,2639,4182,7433,3785,4319,3437
133.87808075803045,11085,9034,4326,2926,4220,6142,3125,3593,4569
111.82131761200618,12068,7916,4873,3401,3577,4450,2247,3266,5890
183.85402594303707,10098,9978,3830,2779,4731,7630,4063,4289,3259
157.09867688087496,11277,9206,4352,2901,4458,6268,3338,4019,3851
137.02941981445477,10996,8734,4358,2937,3963,5949,3167,3584,4398
129.80885748721255,11117,8552,4598,2974,4054,5557,2932,3640,4884
162.70847851468596,10683,9447,4591,2857,4461,6859,3332,4058,3932
133.46719164804878,11101,8368,4476,3011,4121,5688,3068,3673,4404
163.72841287822303,10679,9306,4187,2919,3990,7109,3871,3961,3798
154.60778885445364,10621,8685,4239,2961,4273,6551,3444,3808,4213
176.71027111061528,10516,9477,4048,2690,4243,7610,3536,4399,3462
149.54910076280237,11007,9153,4159,3009,4293,6094,3149,3663,4495
141.74953994204338,10961,8778,4700,3218,4344,6184,3249,3754,4148
156.40369501950366,10268,9168,4092,2822,4181,6698,3634,4153,3633
161.86160190335974,10403,9252,4306,2875,4172,6281,3297,4024,4067
123.49147771939006,11441,8465,4736,3219,4303,5180,2969,3675,4732
123.14341919158932,11261,8567,4628,3088,3974,5033,2816,3573,5095
162.02290997899726,10232,8822,4335,2848,4508,6393,3249,4071,4142
166.8336716696508,10324,9460,4293,2886,4025,7143,3779,4043,3920
155.21731637891742,10987,9311,4289,3141,4760,6545,3415,3822,3879
139.36730404162665,11286,8616,4618,2973,4122,5507,2918,3790,4636
139.0577759924453,10949,9164,4720,2950,3909,6142,3440,3878,4224
165.5859781110824,10462,9377,4314,3023,4328,6661,3533,4193,3714
170.90721231810636,10311,9477,4172,2994,4466,7371,3865,4258,3600
123.81747929705026,11802,8641,4656,3417,3916,5815,2935,3904,4601
149.9855581868542,10627,8863,4916,3161,4348,6263,3177,3837,4636
142.39793101618875,10506,8404,4453,3031,4273,5905,3089,3809,4672
132.07859024820965,10707,8887,4734,2968,3721,6356,3322,3944,4879
162.69367113351365,10909,9105,4252,2652,4220,6533,3215,3837,4271
140.10954825599805,11266,9153,4391,2885,4095,6276,3342,3716,4178
167.11422997382624,10296,9404,3936,2713,4362,7016,3656,4098,3989
148.41358032058884,11140,8984,4280,2717,4183,6137,3116,3727,4513
142.48249142157667,11066,9140,4431,2929,4006,6255,3384,4080,4066
133.19815236887752,11120,8788,4620,3040,4203,5750,3221,3825,4450
128.18197725125182,11102,8688,4625,2850,3799,5721,3091,3879,4696
185.3195266218478,10548,9396,4604,2931,4840,6985,3552,4094,4199
140.21376842328323,10727,8984,4440,2961,4293,6097,3380,3678,4038
138.13939535557788,11061,8643,4482,2856,3892,6065,3134,3698,4319
127.09748562393705,11532,8418,4744,2966,4234,5352,2915,3715,5061
132.33897349770385,11626,8546,4631,3102,4212,5270,2846,3492,4826
138.56848828887843,11189,8611,4204,2912,4050,5904,3077,3731,4003
153.56997296784058,10504,8954,4520,2868,4257,6616,3622,4111,4286
143.53011077972502,10919,8940,4510,3082,4054,6132,3264,3839,4275
136.79714333147183,11057,8588,4878,3239,4229,5576,2933,3685,4768
132.51396613863068,10982,8652,4486,3165,4275,5341,2846,3441,4684
130.89508270133402,11402,8439,4553,3005,4092,5449,2802,3405,5081
120.60237275394941,11666,8017,4785,3321,4215,5155,2599,3443,4801
143.95157105601865,11006,9375,4738,3108,4050,6554,3412,4109,4104
147.70332359970195,11403,8946,4394,2917,4373,5936,3262,3640,4534
138.41059919446442,10948,8963,4351,2883,4013,6163,3080,3864,4565
206.02179836475779,10402,9650,4237,2722,4285,7815,3565,4779,3367
135.59172892969784,11380,8513,4686,3173,4216,5677,2832,3629,5134
133.46235874970876,11020,9088,4328,3143,4068,5929,3099,3524,4394
123.33894963362434,11375,8139,4443,2932,4148,5511,2674,3656,4880
166.54106573623625,10659,9441,4400,2744,4115,6899,3522,4246,4293
228.04966389687667,9989,9816,3687,2509,4475,8101,3678,4950,3675
143.0090316008721,10960,9048,4547,3016,4049,6136,3346,3956,4460
134.35702622008816,11359,8517,4286,2839,4169,5909,2817,3609,4702
123.35797700371108,11948,8271,4780,3163,4351,5388,2724,3468,4623
121.10159644048719,11131,8626,4512,2880,4035,5385,2895,3644,5036
129.962132759612,11110,8929,4418,2717,4333,5554,3099,3446,4754
133.3272113553891,11032,8367,4434,3096,4249,5747,3082,3714,4424
155.16496319853798,10670,9779,4497,2942,4116,6968,3703,4271,3695
148.3124164611912,10378,9288,4399,2836,3952,6685,3471,4002,4241
139.79186572613438,10511,8609,4447,2836,4022,5949,3198,3567,4968
181.00902819034664,10551,9344,4127,2656,4490,6928,3485,4000,3791
234.61117978613325,9858,9646,3498,2363,4419,8572,3822,5036,3187
188.9572266511365,10128,9403,3965,2542,3884,7109,3372,4195,3958
155.22932726816106,10847,8323,4202,2738,4324,6224,3013,3693,4750
202.904221457419,9949,9732,3686,2427,4110,7969,3983,4504,3303
178.11115427532735,10559,9023,3946,2794,4199,6793,3419,4081,3658
151.9144776709344,10970,8731,4550,3044,4366,6124,3060,3681,4463
146.07315451227447,11014,9170,4314,3000,4229,6658,3466,3771,3972
121.7877572408266,11713,8558,4480,2980,4255,5344,2496,3457,5151
127.83732105309754,11676,8574,4733,3210,4400,5453,2897,3524,4728
129.53558630599082,11591,8465,4656,3107,4055,5662,3069,3842,4828
126.59235695155554,11654,8166,4611,2833,4267,5107,2789,3609,5247
119.32909607917604,11876,8278,4553,3156,4181,4511,2544,3121,5095
147.5041450353876,11263,8989,4635,2898,4252,5840,2960,3555,4906
155.75662991396536,11048,9357,4313,2806,4300,6486,3433,3955,4162
127.46990956218643,11070,8231,4663,2792,3978,5404,2752,3564,4804
123.85780588581734,11497,8315,4807,2953,4171,5554,2741,3532,4980
137.94253280923544,10881,8816,4513,2931,4230,6196,3551,3985,4234
165.79127777044553,11264,9181,4390,2906,4254,6929,3543,4069,3887
109.31063485332604,11986,8301,4795,3340,3735,4864,2686,3283,5087
158.2152868741968,10924,9316,4457,3062,4087,6751,3637,4126,3625
140.2902090694502,11166,9036,4485,2848,4256,5761,3136,3741,4444
194.15554809937794,10368,9278,3893,2672,4771,7627,3551,4148,3592
144.06707425036592,10830,9129,4286,2958,3870,6164,3399,3868,3936
152.18879761303165,11138,8863,4479,3049,4230,5886,3067,3632,4897
145.4936920724089,11468,8530,4447,2920,4157,6142,3206,3830,4496
124.48698976700472,11684,8787,4662,3213,4230,5191,2706,3541,4873
135.0302820704145,11249,8468,4650,3131,4165,5571,2834,3634,4860
123.06546024814914,10933,8517,4444,2844,3725,5273,2818,3662,4692
151.58583423563624,10641,8638,4049,2746,4145,6109,3399,3639,4267
159.64944406507118,10753,8751,3914,2919,4174,6213,3257,3762,4537
133.92174486131475,11075,8850,4718,3097,4036,6059,3042,3709,4660
150.2884691752539,10599,9132,4560,3023,4504,6080,3324,3516,4551
140.9047245714166,11086,8508,4657,3111,4128,5904,2910,3667,4443
185.93214262088162,9992,9774,3875,2511,3922,8062,3814,4418,3164
126.05091281354038,11291,8306,4765,3121,4297,5435,3034,3661,4571
128.30526124691073,11558,8090,4724,3205,4426,4915,2521,3526,4940
144.52691384273618,11468,8423,4568,3001,4110,6053,3166,3993,4054
215.48698243430027,9206,9581,3831,2632,5153,7548,3595,4140,3651
142.76101988952507,10705,9196,5098,3029,4102,6453,3449,3982,4175
163.85940192912017,10642,9776,4274,2656,4033,7258,3714,4290,3652
161.45056023687678,10545,9287,4619,3139,4543,6496,3413,4149,4180
150.3052503105921,10975,9614,4317,2949,4119,6468,3556,3930,3938
157.28608756453767,11176,8524,4173,2853,4136,5946,3102,3660,4593
140.33122966612868,11296,9025,4384,3064,4141,6044,3237,3679,4149
129.64958575821697,11197,8906,4552,3272,3854,5718,3053,3782,4572
152.59921935050363,10810,8795,4216,2934,4305,5954,3067,3695,4549
171.65496796147983,10320,9667,3992,2596,3902,7355,3829,4293,3645
147.69690592225726,11264,8883,4795,2842,4278,6324,3177,3818,4236
150.1276813269505,10010,9355,4437,3144,4116,6590,3710,3933,3917
185.35302211230868,10484,9047,3946,2578,4376,7046,3410,4063,3855
158.4882295174651,10860,9176,4630,2880,3903,6374,2979,3975,4443
164.05849491314095,10134,8992,4218,2749,4206,6792,3728,4017,3986
136.58356358588875,10887,8770,4492,2876,3865,6061,3175,3743,4357
135.92455769569082,10320,8922,4683,2977,3976,6137,3196,3800,4548
184.60823788619064,10240,9319,4284,2955,4448,7439,3685,4144,3920
135.82489244670168,11540,8787,4440,2914,4127,5735,3005,3605,4523
141.7275408960974,11074,8503,4790,2989,4026,5972,2724,3983,5091
168.07252265448523,10553,9351,4057,3005,3816,7070,3558,4324,3589
144.8849829313177,11184,8885,4598,3122,4158,6009,3179,3942,4728
135.99659362215363,11232,8167,4579,3217,3806,6079,2900,3862,4675
154.3006430140163,11379,8672,4525,3023,4660,6116,3073,3760,4667
130.64195280321474,10891,8534,4535,3074,4028,5882,3146,3861,4418
167.52462860645971,11011,9027,4146,2775,4278,6789,3568,3972,4043
183.40757237068195,10633,9336,3916,2799,4269,7107,3696,4320,3475
120.50946425139637,11837,8102,4658,3246,4010,4997,2653,3475,5081
151.55584733322462,10271,9252,4456,2841,4203,6273,3498,3860,4414
173.31324381990638,10395,9281,4004,2789,4252,7167,3494,3894,3594
153.59782584626126,10920,8530,4359,2880,4312,5766,2970,3525,4625
140.62580763271464,10994,9198,4464,2929,4167,6728,3427,4044,3802
133.65790187649196,10861,8647,4293,2726,4185,5495,2981,3467,4978
146.08513550564447,11002,9265,4590,3181,4383,6248,3483,3838,4186
154.70894318304005,11422,8885,4343,2852,4478,6242,3276,3677,4553
142.9250999862254,10457,8920,4473,2889,4249,6269,3301,3560,4067
129.34805161306127,10924,8589,4654,2870,4216,5560,3129,3623,4301
146.6033373566173,10956,9138,4549,3037,4311,6469,3500,3961,3966
153.89037901582574,11272,8652,4108,2755,4201,6165,3355,4038,4074
117.22687808395372,11865,8200,4829,3053,3757,5113,2629,3428,5176
131.0775383000365,10926,8670,4718,3048,3873,5659,3054,3542,4341
136.23777798822843,10985,8711,4524,3253,4124,5846,2983,3711,5030
137.97724301158007,11338,9082,4587,2693,4125,6095,3106,3707,4302
167.74530237645175,10557,9186,4175,2945,4167,6693,3580,4156,3579
126.34346749423696,11105,8454,5042,3385,4090,5099,2753,3770,5092
152.15114784159755,10693,8766,4222,2795,3999,6609,3344,4014,4205
191.9533072013663,10951,9881,3876,2527,4736,7354,3882,4286,3723
137.97291494414722,11612,8350,4543,3138,4039,5688,2856,3814,5042
141.83551250822256,10519,8912,4513,3008,4268,5784,3247,3874,4639
178.19880930122147,10475,9319,4220,2817,4263,7251,3637,4305,4027
143.59352968385824,11153,8835,4453,3120,4390,5954,3153,3655,4766
126.33310656687938,11195,8528,4898,3043,4188,5789,2967,3764,4329
166.93637729979395,10772,9180,3826,2429,4097,7270,3583,3995,3980
127.71839478274853,11173,8475,4530,3048,4088,5455,2953,3567,4502
148.82578297822218,10665,8776,4454,2957,4076,5863,3172,3715,4349
151.75823057343828,11189,9410,4222,2537,4302,6604,3657,3782,3938
126.45240393999542,11748,8331,4622,3367,4231,5417,2921,3631,4860
144.90883856904014,11327,8833,4642,3189,4467,5836,3078,3839,4428
175.38659387097837,10492,9421,3943,2971,4429,6612,3617,3888,4443
160.70831907615053,10461,9493,4365,2859,4076,7046,3815,4338,3514
156.6318403954076,10837,9245,4513,2845,4751,6601,3397,4011,4053
146.9123153828275,11061,9120,4228,3127,4218,6313,3136,3511,4314
124.26324429900627,11305,8212,4608,3103,4223,5230,2686,3585,4928
134.10556601385355,11155,9023,4492,2789,4014,6198,3320,3711,4132
120.08242305482833,11958,8044,4522,2960,4092,5158,2528,3424,5360
145.8652355069231,10785,9572,4326,3072,3821,6770,3506,4166,3670
131.27000638155494,11038,8799,4374,2886,3887,5915,2935,3797,3964
163.64885194633075,10536,9616,4109,2765,4577,6756,3513,3926,3784
151.79194719738672,10185,9461,4326,2792,4215,6757,3614,3865,3840
111.30656413523522,11757,8182,4789,3018,3919,4816,2771,3285,5125
131.06474174053048,11456,8519,4541,3188,4174,5164,2717,3599,5192
155.86054010802118,10844,9575,4598,3049,4365,6766,3713,3893,4039
142.74621524262793,11082,8746,4530,2924,4525,5862,2880,3718,4503
145.75595369067543,11532,9246,4692,2905,4417,6505,3247,4002,4114
138.7195476359231,11173,8923,4613,3057,4313,5672,3050,3592,4065
135.76269779064106,11004,8475,4783,3199,3995,5791,2954,3858,4620
159.96197598190858,10714,8909,4492,2852,4278,6703,3487,3980,4317
149.1704490359973,11169,9112,4452,2731,4269,6080,3107,3646,4827
133.5833047343033,11179,8414,4048,2813,4080,5864,2923,3351,4546
179.3820661066087,10066,9634,3924,2936,3989,7447,4127,4022,3700
143.06717191725713,10312,9048,4491,2916,3879,6318,3368,4014,4125
153.45513320410026,10492,8867,4222,2942,4073,6058,3289,4028,4196
160.2376116880875,10563,8866,4359,3013,4197,6623,3518,3886,3709
143.02557916041314,11286,8809,4744,3179,4200,6059,3259,3876,4685
167.21483854291372,10367,9284,4161,2945,4023,7011,3562,4009,3475
146.21166473450037,10480,9563,4450,2868,4076,6142,3456,3820,4171
168.4961193170625,10277,9360,3969,2886,4275,6820,3706,3905,4067
117.91630413472993,11892,8628,4686,3094,4075,5176,2632,3582,4870
146.64823867448698,11536,8821,4554,2656,4203,6037,3405,3821,4531
124.70293062521606,11181,8100,4594,3044,4158,5486,2962,3627,4610
206.527089486109,10359,9674,3797,2627,4882,7629,3541,4105,3632
168.57321231115776,10486,9197,4308,2716,4313,6814,3595,4196,3760
148.79255799551336,11194,8404,4499,2909,4451,6009,3309,3835,4555
171.79437363754477,10971,9055,3945,2535,4163,7131,3490,4293,3868
120.2072532924917,11168,8123,4829,3085,3985,5372,2907,3514,5017
164.97618236769657,10831,9573,4143,2838,3959,7459,4100,4237,3559
140.04945926833878,10789,9027,4351,3066,4091,6022,3153,3720,4343
129.29073665012228,11418,8832,4696,3250,4243,5482,2928,3878,4723
135.69732864424302,11512,8708,4589,3105,4000,6034,3207,3846,4534
160.14995084963567,11080,9158,4295,2814,4341,6747,3371,3840,3919
168.69528638043894,10151,9218,4234,2838,4174,7389,3598,4144,3795
178.1850037251667,10496,9297,3950,2709,4342,7411,3816,4313,3794
154.87729400801447,10916,8938,4431,2770,4115,6447,3391,3883,4417
151.73984863981855,10434,9162,4489,3044,4484,6367,3634,3942,3552
129.59734448145468,11063,8585,4258,3274,4181,5464,2882,3540,4531
160.61549006242655,10501,8962,4059,2986,4261,6218,3303,3903,4189
150.61670422703133,10996,9292,4538,3063,4510,6016,3368,3849,4383
191.6297198459255,10085,9867,4140,2708,4032,7887,4079,4344,3680
144.74277133649633,10866,8813,4282,2871,3729,6329,3254,3655,4137
129.68302352086332,11024,8595,4714,3025,4396,5427,3042,3568,4552
186.25866339463695,10013,9753,3981,2761,4724,7498,3924,4309,3497
127.54031032777307,11399,8636,4814,3209,4085,5467,2847,3665,4686
119.44130386474072,11215,8446,4644,3115,4023,5331,2902,3641,4829
129.38864345952737,11025,8667,4607,2842,4077,5679,3279,3717,4767
159.57292258097607,11013,9056,4561,2820,4220,6813,3211,3944,3861
123.92674460179227,11376,8235,4533,3070,4031,5116,2873,3380,5029
166.05799054004578,10901,9006,4342,2946,4718,6607,3594,3997,4161
156.18112359132002,10646,9416,4077,2800,3846,6949,3592,4243,3776
140.39656591359022,11309,8450,4706,3031,3971,5825,2987,3750,4366
146.73896909838425,10610,8687,4407,2993,4073,6099,2965,4019,4444
128.46246581971164,11313,9041,4787,3033,3944,5694,3102,3750,4712
129.00220666755092,11174,8325,4554,2925,4050,5387,2881,3564,4742
132.3615279962208,11234,8714,4774,3122,3846,6102,3048,4036,4515
149.47253666290985,10849,9203,4375,2894,4204,6161,3420,4067,3896
196.0272891672265,10130,10020,3811,2490,4177,7926,4049,4571,3202
122.33369125961535,11474,8113,4600,2944,4154,5142,2642,3403,4646
134.6005173167558,11491,8983,4722,2915,4107,6115,3259,3634,4360
157.21081378244395,10111,9179,4438,2887,4080,6696,3505,4098,3987
124.37371263165645,10861,8491,4664,3277,3911,5547,2901,3429,4783
140.25203334655507,10962,8853,4593,3118,4104,5936,3374,4004,4066
150.44724909778733,10701,8977,4218,2884,4091,6334,3200,3927,4139
134.37696791824155,11056,8735,4632,2930,4079,5693,3182,3835,4757
175.95318972006658,10418,9417,4146,2816,4221,6914,3543,4109,4089
126.12632863801012,11626,8215,4426,3073,3797,5263,2873,3708,4905
145.15329164449355,10658,9061,4421,3018,4399,6084,3253,3743,4054
143.33193216406147,11098,8810,4535,2986,4085,6479,3235,3926,4007
151.37360688928553,10916,9243,4503,2973,4317,6347,3424,3749,4235
151.29061053625162,11315,8800,4252,2854,3810,6322,3410,3808,3995
128.46851418475197,11747,8650,4580,3133,4203,5055,2692,3485,5420
157.9841681847489,10363,9016,4304,2957,4528,6325,3401,3798,3930
122.66208560876302,11846,7994,4442,3186,4166,4992,2633,3192,5646
143.63712097025396,11277,8829,4728,3080,4067,5883,3091,3720,4160
150.5109898751424,10723,9531,4267,2781,4267,6745,3531,4023,3715
150.33108096538726,10542,8949,4301,2889,4128,6529,3375,3926,3982
136.18237763186738,11454,8013,4603,2833,4269,5462,2687,3385,5044
131.22611490353958,11364,8970,4871,2916,3885,6105,3153,3877,4463
143.13318647310263,10260,8795,4004,2797,3934,6356,3150,3889,4270
315.2298478241442,9968,9136,2911,1726,4047,9779,3375,5688,3334
149.942525753385,11276,8950,4436,3077,4041,6324,3203,4298,4401
123.65006954133594,11032,8366,4725,3148,4122,5535,3016,3536,4921
155.1827062054735,10555,8899,4376,2966,4436,6131,3503,3773,4058
210.59195925005423,9920,9482,3679,2460,4332,8430,4017,4507,3358
144.2015292324592,11153,9116,4688,2874,3787,6315,3426,3887,4095
126.56404778123947,11721,8445,4623,2920,4067,5359,2784,3551,5157
147.59565079944593,11186,8967,4373,2885,4082,6297,3170,3754,4409
173.62684239507936,10683,10179,4153,3020,4099,7240,3967,4503,3495
144.7498695494832,10898,9116,4398,2829,3916,6576,3476,4036,4050
150.68208560325132,10927,9171,4505,3036,4386,6168,3314,3778,4471
150.7906746261863,10419,9251,4425,2783,4304,6313,3549,3832,4106
135.86782993537733,10772,9134,4334,3025,4220,5751,3016,3722,4163
127.21699309448958,11322,8568,4739,3182,4029,5429,2794,3604,4573
123.24058074246126,11940,8322,4912,3295,4383,5232,2669,3453,5166
130.3869325731651,11002,9071,4926,2904,4283,5911,3210,3968,4252
129.93190062463128,11567,8374,4376,3156,3719,5412,2798,3593,4952
141.35238339774492,11454,8601,4485,2950,4392,5706,3094,3701,4090
133.23453638228892,11098,8649,4454,3338,4114,5851,3238,3939,4383
117.18938673809026,11580,8677,4769,3088,4029,5133,2694,3251,5278
167.2929277435384,10139,9403,4162,2892,4281,6798,3730,3974,3903
139.55139857492122,11512,8969,4443,2988,4375,6162,3247,3739,3848
120.04727399461207,10730,8619,4727,3096,4045,5351,2820,3522,4219
188.64532006656128,10047,9873,3639,2421,4352,7777,3846,4247,3469
154.60449005628658,10800,9543,4253,2890,4320,6411,3637,3706,3916
130.37430841349348,10735,8314,4462,2989,3802,5704,3020,3429,4786
133.85125893913735,10617,8812,4519,2948,4100,5843,3186,3767,4161
130.61621068046722,11547,8832,4716,2981,3968,5683,3102,3861,4503
136.53014994401897,10575,9034,4937,3153,4118,6095,3301,3910,4088
155.1165533267029,10283,8868,4155,2835,4225,6963,3260,4151,4158
133.86774039341554,10768,8652,4862,3268,4152,5706,3120,3639,4575
125.22279211613906,11111,8849,4821,3027,4235,5379,2832,3355,4747
137.9059369449288,10951,8227,4339,2731,3911,6130,2977,3802,4470
118.4883516042169,11228,8011,4474,3128,3892,5229,2759,3490,4744
124.93231526065436,11607,8769,4583,3180,4292,5976,2880,3821,4791
162.1328622837765,10595,8694,4172,2896,4104,6556,3191,4103,4365
164.3498232619978,10905,8650,4024,2755,3974,6463,3219,4143,4343
154.19333962397732,11206,8996,4350,2865,4033,7024,3300,4194,3772
124.97934753893476,11161,8525,4453,3084,3997,5471,2876,3634,4794
146.51736119695616,11112,8749,4501,2847,4232,6049,3121,3884,4357
125.92034408035754,11608,8579,4692,2967,4022,5758,2943,3502,4637
144.2117274370098,11091,8505,4365,2919,4257,6124,3334,3671,3903
142.84040234300457,10862,9116,4796,2974,4021,6373,3479,3950,4294
120.30437610478096,11065,8388,4709,3162,4082,5317,3049,3702,4572
152.1118536280161,11326,8372,4290,2600,4193,6034,2752,3660,4791
149.34274570314605,10457,9619,4375,3040,4244,6444,3177,3797,4136
144.3486113946398,10917,8807,4297,2827,4191,6035,3156,3559,4339
