cycle_time,spt_policy,fifo_policy,hrrn_policy,longest_queue_policy,shortest_queue_policy,least_flexible_resource_policy,most_flexible_resource_policy,least_flexible_activity_policy,most_flexible_activity_policy
224.25691919775642,0,0,0,0,0,0,0,0,0
598.528967299465,0,0,0,0,0,0,0,0,0
239.0301746858514,0,0,0,0,0,0,0,0,0
209.29024310187015,0,0,0,0,0,0,0,0,0
348.40657469192524,0,0,0,0,0,0,0,0,0
164.65025099934223,0,0,0,0,0,0,0,0,0
226.07087623147052,0,0,0,0,0,0,0,0,0
284.47921864419965,0,0,0,0,0,0,0,0,0
167.39473831855034,0,0,0,0,0,0,0,0,0
168.76043361443772,0,0,0,0,0,0,0,0,0
332.5973597564122,0,0,0,0,0,0,0,0,0
170.21835173574422,0,0,0,0,0,0,0,0,0
245.71419404489953,0,0,0,0,0,0,0,0,0
207.833629289227,0,0,0,0,0,0,0,0,0
211.78190053973225,0,0,0,0,0,0,0,0,0
438.7279808021734,0,0,0,0,0,0,0,0,0
512.6038790466462,0,0,0,0,0,0,0,0,0
177.4962858087049,0,0,0,0,0,0,0,0,0
260.21427304319934,0,0,0,0,0,0,0,0,0
194.74596047103643,0,0,0,0,0,0,0,0,0
323.5539438465523,0,0,0,0,0,0,0,0,0
338.2130787226824,0,0,0,0,0,0,0,0,0
192.25894951002275,0,0,0,0,0,0,0,0,0
307.51695047634024,0,0,0,0,0,0,0,0,0
188.36850267004004,0,0,0,0,0,0,0,0,0
190.32836545938716,0,0,0,0,0,0,0,0,0
192.8224515357573,0,0,0,0,0,0,0,0,0
360.856677250396,0,0,0,0,0,0,0,0,0
178.655743493751,0,0,0,0,0,0,0,0,0
350.9661055261992,0,0,0,0,0,0,0,0,0
192.4443601855582,0,0,0,0,0,0,0,0,0
255.89201273988323,0,0,0,0,0,0,0,0,0
227.55592866264567,0,0,0,0,0,0,0,0,0
217.66297595414608,0,0,0,0,0,0,0,0,0
273.4173790418047,0,0,0,0,0,0,0,0,0
220.98820236925903,0,0,0,0,0,0,0,0,0
260.03155138867555,0,0,0,0,0,0,0,0,0
188.4084824960295,0,0,0,0,0,0,0,0,0
311.48592731219577,0,0,0,0,0,0,0,0,0
296.5443747927688,0,0,0,0,0,0,0,0,0
189.53708746045507,0,0,0,0,0,0,0,0,0
175.79948383943074,0,0,0,0,0,0,0,0,0
169.96863685882346,0,0,0,0,0,0,0,0,0
271.8599304388476,0,0,0,0,0,0,0,0,0
208.41687683950957,0,0,0,0,0,0,0,0,0
192.00564928261036,0,0,0,0,0,0,0,0,0
277.2339637313058,0,0,0,0,0,0,0,0,0
146.7987351673923,0,0,0,0,0,0,0,0,0
177.2795783813845,0,0,0,0,0,0,0,0,0
156.48363383363056,0,0,0,0,0,0,0,0,0
193.3276285563597,0,0,0,0,0,0,0,0,0
197.29254808014318,0,0,0,0,0,0,0,0,0
187.8272371855713,0,0,0,0,0,0,0,0,0
279.40448098515276,0,0,0,0,0,0,0,0,0
198.7738342765047,0,0,0,0,0,0,0,0,0
183.6768737977699,0,0,0,0,0,0,0,0,0
254.12265027574892,0,0,0,0,0,0,0,0,0
359.9245261295622,0,0,0,0,0,0,0,0,0
333.7964025437974,0,0,0,0,0,0,0,0,0
214.58242620041725,0,0,0,0,0,0,0,0,0
251.4424145203851,0,0,0,0,0,0,0,0,0
346.0710886923333,0,0,0,0,0,0,0,0,0
180.58623183106434,0,0,0,0,0,0,0,0,0
233.81657666892735,0,0,0,0,0,0,0,0,0
211.0521545828737,0,0,0,0,0,0,0,0,0
232.57850194091867,0,0,0,0,0,0,0,0,0
264.31320326076445,0,0,0,0,0,0,0,0,0
281.8615843955678,0,0,0,0,0,0,0,0,0
332.1833297962876,0,0,0,0,0,0,0,0,0
169.99859494011238,0,0,0,0,0,0,0,0,0
247.19092648102776,0,0,0,0,0,0,0,0,0
184.18936233460005,0,0,0,0,0,0,0,0,0
194.9171996469216,0,0,0,0,0,0,0,0,0
250.92112750323284,0,0,0,0,0,0,0,0,0
183.86507701263514,0,0,0,0,0,0,0,0,0
278.7674739005323,0,0,0,0,0,0,0,0,0
236.304723563802,0,0,0,0,0,0,0,0,0
590.7280266160179,0,0,0,0,0,0,0,0,0
228.34136564219514,0,0,0,0,0,0,0,0,0
228.8184015558079,0,0,0,0,0,0,0,0,0
174.91854455943502,0,0,0,0,0,0,0,0,0
359.07632829480883,0,0,0,0,0,0,0,0,0
179.3617754265021,0,0,0,0,0,0,0,0,0
257.28231424318136,0,0,0,0,0,0,0,0,0
478.4945516301846,0,0,0,0,0,0,0,0,0
281.86857287678083,0,0,0,0,0,0,0,0,0
340.6697693526714,0,0,0,0,0,0,0,0,0
155.61305974811702,0,0,0,0,0,0,0,0,0
359.7185723352034,0,0,0,0,0,0,0,0,0
168.9887382409821,0,0,0,0,0,0,0,0,0
283.2042791299385,0,0,0,0,0,0,0,0,0
169.1296555882724,0,0,0,0,0,0,0,0,0
205.94316261850096,0,0,0,0,0,0,0,0,0
289.3404868555703,0,0,0,0,0,0,0,0,0
190.8494040985588,0,0,0,0,0,0,0,0,0
313.1112686856456,0,0,0,0,0,0,0,0,0
211.03446784742036,0,0,0,0,0,0,0,0,0
260.785002161426,0,0,0,0,0,0,0,0,0
383.85654109427156,0,0,0,0,0,0,0,0,0
215.61751812291905,0,0,0,0,0,0,0,0,0
245.72672084707358,0,0,0,0,0,0,0,0,0
289.61661651238956,0,0,0,0,0,0,0,0,0
214.13613213731017,0,0,0,0,0,0,0,0,0
186.76230632489256,0,0,0,0,0,0,0,0,0
530.6003110951491,0,0,0,0,0,0,0,0,0
202.76176269511092,0,0,0,0,0,0,0,0,0
288.9916957674475,0,0,0,0,0,0,0,0,0
172.64451158179224,0,0,0,0,0,0,0,0,0
387.3799400826258,0,0,0,0,0,0,0,0,0
168.4712599714628,0,0,0,0,0,0,0,0,0
357.59398818328054,0,0,0,0,0,0,0,0,0
326.13237156550395,0,0,0,0,0,0,0,0,0
467.735734322011,0,0,0,0,0,0,0,0,0
375.5592494776818,0,0,0,0,0,0,0,0,0
249.64801527349846,0,0,0,0,0,0,0,0,0
373.90976869400646,0,0,0,0,0,0,0,0,0
192.2422990657158,0,0,0,0,0,0,0,0,0
183.39772637159572,0,0,0,0,0,0,0,0,0
366.46280854470746,0,0,0,0,0,0,0,0,0
215.68169938670448,0,0,0,0,0,0,0,0,0
276.9936886132847,0,0,0,0,0,0,0,0,0
277.53124772758486,0,0,0,0,0,0,0,0,0
376.3534346415063,0,0,0,0,0,0,0,0,0
324.1316422730772,0,0,0,0,0,0,0,0,0
308.53797150540294,0,0,0,0,0,0,0,0,0
177.49455797785347,0,0,0,0,0,0,0,0,0
250.32114503872089,0,0,0,0,0,0,0,0,0
212.32532349614928,0,0,0,0,0,0,0,0,0
212.74442661471312,0,0,0,0,0,0,0,0,0
411.63898362758306,0,0,0,0,0,0,0,0,0
175.22682105713406,0,0,0,0,0,0,0,0,0
169.50734443369637,0,0,0,0,0,0,0,0,0
301.3698231723831,0,0,0,0,0,0,0,0,0
181.51515146274375,0,0,0,0,0,0,0,0,0
156.8436900899845,0,0,0,0,0,0,0,0,0
263.1683701176882,0,0,0,0,0,0,0,0,0
166.9655451287719,0,0,0,0,0,0,0,0,0
183.46359408416777,0,0,0,0,0,0,0,0,0
162.42516565525418,0,0,0,0,0,0,0,0,0
188.9859146712592,0,0,0,0,0,0,0,0,0
347.26190266547724,0,0,0,0,0,0,0,0,0
321.3049590380765,0,0,0,0,0,0,0,0,0
266.58692506099885,0,0,0,0,0,0,0,0,0
200.50091661155886,0,0,0,0,0,0,0,0,0
335.0182769728011,0,0,0,0,0,0,0,0,0
186.65392867775847,0,0,0,0,0,0,0,0,0
227.31592574547372,0,0,0,0,0,0,0,0,0
202.52221493460766,0,0,0,0,0,0,0,0,0
226.71986085922592,0,0,0,0,0,0,0,0,0
403.2069062986403,0,0,0,0,0,0,0,0,0
297.99828590286586,0,0,0,0,0,0,0,0,0
156.15358333911888,0,0,0,0,0,0,0,0,0
184.5989643319902,0,0,0,0,0,0,0,0,0
244.83280203296337,0,0,0,0,0,0,0,0,0
216.65028049417114,0,0,0,0,0,0,0,0,0
302.36116854576477,0,0,0,0,0,0,0,0,0
312.9828253041025,0,0,0,0,0,0,0,0,0
303.15221873420603,0,0,0,0,0,0,0,0,0
310.6293614094916,0,0,0,0,0,0,0,0,0
188.2659173181599,0,0,0,0,0,0,0,0,0
188.593703715336,0,0,0,0,0,0,0,0,0
206.67823905837705,0,0,0,0,0,0,0,0,0
315.83454696064035,0,0,0,0,0,0,0,0,0
528.9048328938308,0,0,0,0,0,0,0,0,0
368.04178106648214,0,0,0,0,0,0,0,0,0
312.33314001016004,0,0,0,0,0,0,0,0,0
133.23331570177433,0,0,0,0,0,0,0,0,0
221.60497286168606,0,0,0,0,0,0,0,0,0
184.1405557264224,0,0,0,0,0,0,0,0,0
473.56016380703096,0,0,0,0,0,0,0,0,0
323.2273527722764,0,0,0,0,0,0,0,0,0
201.77848987868848,0,0,0,0,0,0,0,0,0
323.72603178490914,0,0,0,0,0,0,0,0,0
259.19808943697814,0,0,0,0,0,0,0,0,0
566.3938044041096,0,0,0,0,0,0,0,0,0
271.29583932018284,0,0,0,0,0,0,0,0,0
150.05501346340895,0,0,0,0,0,0,0,0,0
297.6170762436151,0,0,0,0,0,0,0,0,0
283.92429847185787,0,0,0,0,0,0,0,0,0
416.11767663728807,0,0,0,0,0,0,0,0,0
208.46269982289766,0,0,0,0,0,0,0,0,0
184.19014842746097,0,0,0,0,0,0,0,0,0
174.3644770510488,0,0,0,0,0,0,0,0,0
374.5357424386524,0,0,0,0,0,0,0,0,0
214.59137084619482,0,0,0,0,0,0,0,0,0
187.95150393724805,0,0,0,0,0,0,0,0,0
151.5070514873488,0,0,0,0,0,0,0,0,0
241.0063989701929,0,0,0,0,0,0,0,0,0
247.53377994643077,0,0,0,0,0,0,0,0,0
344.8595721751037,0,0,0,0,0,0,0,0,0
365.547733946022,0,0,0,0,0,0,0,0,0
258.99759491687007,0,0,0,0,0,0,0,0,0
237.48930058116846,0,0,0,0,0,0,0,0,0
268.9924652233947,0,0,0,0,0,0,0,0,0
385.94986904131116,0,0,0,0,0,0,0,0,0
267.5748136716148,0,0,0,0,0,0,0,0,0
187.68681684152557,0,0,0,0,0,0,0,0,0
211.95648446840997,0,0,0,0,0,0,0,0,0
519.9698090054877,0,0,0,0,0,0,0,0,0
270.6209819269188,0,0,0,0,0,0,0,0,0
246.49681506001744,0,0,0,0,0,0,0,0,0
168.03051987726127,0,0,0,0,0,0,0,0,0
533.7001695519216,0,0,0,0,0,0,0,0,0
336.4052744403116,0,0,0,0,0,0,0,0,0
202.7516006210629,0,0,0,0,0,0,0,0,0
271.10276173778857,0,0,0,0,0,0,0,0,0
296.4615090391084,0,0,0,0,0,0,0,0,0
302.04193794243395,0,0,0,0,0,0,0,0,0
262.76831612935644,0,0,0,0,0,0,0,0,0
276.5981987605185,0,0,0,0,0,0,0,0,0
316.2215114267217,0,0,0,0,0,0,0,0,0
263.84506363848527,0,0,0,0,0,0,0,0,0
361.3505070320544,0,0,0,0,0,0,0,0,0
294.2488840283099,0,0,0,0,0,0,0,0,0
313.21950917122734,0,0,0,0,0,0,0,0,0
235.1037346641584,0,0,0,0,0,0,0,0,0
272.21815776371955,0,0,0,0,0,0,0,0,0
184.23176438500494,0,0,0,0,0,0,0,0,0
470.06083016908207,0,0,0,0,0,0,0,0,0
167.9666150842685,0,0,0,0,0,0,0,0,0
153.92126057717485,0,0,0,0,0,0,0,0,0
240.05510381445825,0,0,0,0,0,0,0,0,0
265.30977150345893,0,0,0,0,0,0,0,0,0
146.4240472976264,0,0,0,0,0,0,0,0,0
185.9432813792885,0,0,0,0,0,0,0,0,0
246.16122731252332,0,0,0,0,0,0,0,0,0
273.97692034933596,0,0,0,0,0,0,0,0,0
242.87270123421825,0,0,0,0,0,0,0,0,0
272.9444397053513,0,0,0,0,0,0,0,0,0
173.4292287933582,0,0,0,0,0,0,0,0,0
260.0006590184637,0,0,0,0,0,0,0,0,0
266.4786576366015,0,0,0,0,0,0,0,0,0
360.4740872070961,0,0,0,0,0,0,0,0,0
355.52633989342985,0,0,0,0,0,0,0,0,0
237.06815354262534,0,0,0,0,0,0,0,0,0
218.13700734881064,0,0,0,0,0,0,0,0,0
259.9902578001717,0,0,0,0,0,0,0,0,0
177.34909883485966,0,0,0,0,0,0,0,0,0
194.71267295818322,0,0,0,0,0,0,0,0,0
212.0694461249709,0,0,0,0,0,0,0,0,0
157.55395213608517,0,0,0,0,0,0,0,0,0
174.21328606253383,0,0,0,0,0,0,0,0,0
180.62775369277244,0,0,0,0,0,0,0,0,0
591.9232896847216,0,0,0,0,0,0,0,0,0
201.56879127851636,0,0,0,0,0,0,0,0,0
207.40728780846916,0,0,0,0,0,0,0,0,0
213.95053717509145,0,0,0,0,0,0,0,0,0
174.33889076038295,0,0,0,0,0,0,0,0,0
178.4645427685212,0,0,0,0,0,0,0,0,0
197.90417337449924,0,0,0,0,0,0,0,0,0
276.03977738903717,0,0,0,0,0,0,0,0,0
295.4156285625814,0,0,0,0,0,0,0,0,0
354.3642765102643,0,0,0,0,0,0,0,0,0
171.5982405639712,0,0,0,0,0,0,0,0,0
175.55383853985,0,0,0,0,0,0,0,0,0
172.8995746929603,0,0,0,0,0,0,0,0,0
444.43836296741904,0,0,0,0,0,0,0,0,0
212.5619435969093,0,0,0,0,0,0,0,0,0
223.91413708212846,0,0,0,0,0,0,0,0,0
206.76354656433466,0,0,0,0,0,0,0,0,0
374.91209032334234,0,0,0,0,0,0,0,0,0
333.2717097518293,0,0,0,0,0,0,0,0,0
301.43480520248204,0,0,0,0,0,0,0,0,0
257.6377461724787,0,0,0,0,0,0,0,0,0
202.5023693406752,0,0,0,0,0,0,0,0,0
346.7690402482815,0,0,0,0,0,0,0,0,0
351.58555701404424,0,0,0,0,0,0,0,0,0
272.2877139476311,0,0,0,0,0,0,0,0,0
328.28877704390845,0,0,0,0,0,0,0,0,0
430.30210657841087,0,0,0,0,0,0,0,0,0
190.10005236458883,0,0,0,0,0,0,0,0,0
238.33827446214218,0,0,0,0,0,0,0,0,0
196.18347139865583,0,0,0,0,0,0,0,0,0
193.31172425870312,0,0,0,0,0,0,0,0,0
235.4625326264694,0,0,0,0,0,0,0,0,0
214.01547420774367,0,0,0,0,0,0,0,0,0
242.9694323876658,0,0,0,0,0,0,0,0,0
273.90537167812124,0,0,0,0,0,0,0,0,0
389.302107132773,0,0,0,0,0,0,0,0,0
248.98383170500836,0,0,0,0,0,0,0,0,0
264.89624476123976,0,0,0,0,0,0,0,0,0
171.15973566580786,0,0,0,0,0,0,0,0,0
182.4006958657736,0,0,0,0,0,0,0,0,0
202.74798688221432,0,0,0,0,0,0,0,0,0
251.81305949415034,0,0,0,0,0,0,0,0,0
295.5264838295616,0,0,0,0,0,0,0,0,0
204.96428732642133,0,0,0,0,0,0,0,0,0
463.55721673243903,0,0,0,0,0,0,0,0,0
311.8971730018689,0,0,0,0,0,0,0,0,0
356.2438293729452,0,0,0,0,0,0,0,0,0
167.3530937336558,0,0,0,0,0,0,0,0,0
231.10273165901535,0,0,0,0,0,0,0,0,0
194.16098237535337,0,0,0,0,0,0,0,0,0
178.05069209729135,0,0,0,0,0,0,0,0,0
413.8095902319122,0,0,0,0,0,0,0,0,0
181.3736539983853,0,0,0,0,0,0,0,0,0
278.2363479377463,0,0,0,0,0,0,0,0,0
217.17453816189547,0,0,0,0,0,0,0,0,0
339.3879303927006,0,0,0,0,0,0,0,0,0
297.5057833473918,0,0,0,0,0,0,0,0,0
