cycle_time,spt_policy,fifo_policy,hrrn_policy,longest_queue_policy,shortest_queue_policy,least_flexible_resource_policy,most_flexible_resource_policy,least_flexible_activity_policy,most_flexible_activity_policy
187.30135473883183,0,0,0,0,0,0,0,0,0
165.57404359804323,0,0,0,0,0,0,0,0,0
140.60510607318557,0,0,0,0,0,0,0,0,0
197.3704493185679,0,0,0,0,0,0,0,0,0
157.05269952902657,0,0,0,0,0,0,0,0,0
143.75562884943113,0,0,0,0,0,0,0,0,0
178.1237905190561,0,0,0,0,0,0,0,0,0
188.29524503728175,0,0,0,0,0,0,0,0,0
159.85777759277005,0,0,0,0,0,0,0,0,0
133.2048226736282,0,0,0,0,0,0,0,0,0
187.27455622046887,0,0,0,0,0,0,0,0,0
267.9956836350644,0,0,0,0,0,0,0,0,0
198.89057746026214,0,0,0,0,0,0,0,0,0
138.3635317902478,0,0,0,0,0,0,0,0,0
130.8170301242183,0,0,0,0,0,0,0,0,0
150.509134991661,0,0,0,0,0,0,0,0,0
164.5499381975608,0,0,0,0,0,0,0,0,0
162.4972694954356,0,0,0,0,0,0,0,0,0
177.46926808081557,0,0,0,0,0,0,0,0,0
136.60851748125486,0,0,0,0,0,0,0,0,0
153.49813977937413,0,0,0,0,0,0,0,0,0
185.14405297351973,0,0,0,0,0,0,0,0,0
300.1717705998062,0,0,0,0,0,0,0,0,0
268.6163986995519,0,0,0,0,0,0,0,0,0
167.8262307121363,0,0,0,0,0,0,0,0,0
137.74265601510436,0,0,0,0,0,0,0,0,0
225.0728345890481,0,0,0,0,0,0,0,0,0
174.83780413709843,0,0,0,0,0,0,0,0,0
147.27469672701986,0,0,0,0,0,0,0,0,0
186.5964704614017,0,0,0,0,0,0,0,0,0
190.51083178339024,0,0,0,0,0,0,0,0,0
173.58516959313786,0,0,0,0,0,0,0,0,0
180.86887605187886,0,0,0,0,0,0,0,0,0
159.6767013039584,0,0,0,0,0,0,0,0,0
201.07643036320377,0,0,0,0,0,0,0,0,0
145.6013645428799,0,0,0,0,0,0,0,0,0
167.45955788015357,0,0,0,0,0,0,0,0,0
160.3524082306662,0,0,0,0,0,0,0,0,0
167.41695478030314,0,0,0,0,0,0,0,0,0
184.2831321272645,0,0,0,0,0,0,0,0,0
149.5542200531096,0,0,0,0,0,0,0,0,0
146.98690555130722,0,0,0,0,0,0,0,0,0
161.37327525660683,0,0,0,0,0,0,0,0,0
242.6900420774484,0,0,0,0,0,0,0,0,0
243.7511168241731,0,0,0,0,0,0,0,0,0
251.2836617673161,0,0,0,0,0,0,0,0,0
138.5848330667286,0,0,0,0,0,0,0,0,0
137.61002055987626,0,0,0,0,0,0,0,0,0
132.1507726016059,0,0,0,0,0,0,0,0,0
239.2994697800781,0,0,0,0,0,0,0,0,0
171.89302836356828,0,0,0,0,0,0,0,0,0
195.76314009375557,0,0,0,0,0,0,0,0,0
139.88861594214575,0,0,0,0,0,0,0,0,0
161.64653169681327,0,0,0,0,0,0,0,0,0
170.49931389369087,0,0,0,0,0,0,0,0,0
172.4551882181227,0,0,0,0,0,0,0,0,0
165.37100703058528,0,0,0,0,0,0,0,0,0
133.64586911506962,0,0,0,0,0,0,0,0,0
188.47406432405327,0,0,0,0,0,0,0,0,0
228.29542231884616,0,0,0,0,0,0,0,0,0
162.50149978276576,0,0,0,0,0,0,0,0,0
161.208110327782,0,0,0,0,0,0,0,0,0
151.80021135651376,0,0,0,0,0,0,0,0,0
135.5413974192211,0,0,0,0,0,0,0,0,0
130.74872698699596,0,0,0,0,0,0,0,0,0
142.97924307171252,0,0,0,0,0,0,0,0,0
173.65462514276481,0,0,0,0,0,0,0,0,0
142.5007381643836,0,0,0,0,0,0,0,0,0
159.68017119689384,0,0,0,0,0,0,0,0,0
216.61812972821062,0,0,0,0,0,0,0,0,0
151.45923383609792,0,0,0,0,0,0,0,0,0
145.32272405442842,0,0,0,0,0,0,0,0,0
143.69104309291754,0,0,0,0,0,0,0,0,0
161.32500372314635,0,0,0,0,0,0,0,0,0
153.9318158646982,0,0,0,0,0,0,0,0,0
161.20219122449276,0,0,0,0,0,0,0,0,0
140.2869672538852,0,0,0,0,0,0,0,0,0
205.90810832442355,0,0,0,0,0,0,0,0,0
186.6974735641653,0,0,0,0,0,0,0,0,0
153.67374737874493,0,0,0,0,0,0,0,0,0
156.2449114545145,0,0,0,0,0,0,0,0,0
154.11623058403308,0,0,0,0,0,0,0,0,0
158.23075025975578,0,0,0,0,0,0,0,0,0
142.99231870050082,0,0,0,0,0,0,0,0,0
140.5284076863203,0,0,0,0,0,0,0,0,0
182.13021072005537,0,0,0,0,0,0,0,0,0
142.6317824984207,0,0,0,0,0,0,0,0,0
145.28872400545038,0,0,0,0,0,0,0,0,0
135.60414073418093,0,0,0,0,0,0,0,0,0
166.41336943283068,0,0,0,0,0,0,0,0,0
170.1819662503016,0,0,0,0,0,0,0,0,0
157.79308755564918,0,0,0,0,0,0,0,0,0
201.34516624850278,0,0,0,0,0,0,0,0,0
142.88434884605118,0,0,0,0,0,0,0,0,0
148.79162045320393,0,0,0,0,0,0,0,0,0
240.53421212333652,0,0,0,0,0,0,0,0,0
136.66857087122534,0,0,0,0,0,0,0,0,0
182.4029263187221,0,0,0,0,0,0,0,0,0
178.51851316255224,0,0,0,0,0,0,0,0,0
142.32477167783748,0,0,0,0,0,0,0,0,0
149.63260491541794,0,0,0,0,0,0,0,0,0
136.5807095812104,0,0,0,0,0,0,0,0,0
155.98659012446777,0,0,0,0,0,0,0,0,0
142.92687527462397,0,0,0,0,0,0,0,0,0
189.86204590097245,0,0,0,0,0,0,0,0,0
207.62900114206224,0,0,0,0,0,0,0,0,0
155.81751745185835,0,0,0,0,0,0,0,0,0
160.70130442255916,0,0,0,0,0,0,0,0,0
162.65077793287955,0,0,0,0,0,0,0,0,0
133.4800580704169,0,0,0,0,0,0,0,0,0
142.5956830944807,0,0,0,0,0,0,0,0,0
223.68502542429533,0,0,0,0,0,0,0,0,0
175.20166892655237,0,0,0,0,0,0,0,0,0
156.8797747813743,0,0,0,0,0,0,0,0,0
194.87343629095227,0,0,0,0,0,0,0,0,0
210.1152776173847,0,0,0,0,0,0,0,0,0
158.71224647327523,0,0,0,0,0,0,0,0,0
245.06825620389566,0,0,0,0,0,0,0,0,0
162.36932433137423,0,0,0,0,0,0,0,0,0
157.26512796022368,0,0,0,0,0,0,0,0,0
198.90083629019276,0,0,0,0,0,0,0,0,0
125.055190928312,0,0,0,0,0,0,0,0,0
166.45213660949855,0,0,0,0,0,0,0,0,0
229.30783224372644,0,0,0,0,0,0,0,0,0
227.3819389844213,0,0,0,0,0,0,0,0,0
171.50336135634325,0,0,0,0,0,0,0,0,0
149.6401199901757,0,0,0,0,0,0,0,0,0
169.07917735540693,0,0,0,0,0,0,0,0,0
156.16295872325733,0,0,0,0,0,0,0,0,0
221.2982792883885,0,0,0,0,0,0,0,0,0
151.13810405191342,0,0,0,0,0,0,0,0,0
221.19053630211474,0,0,0,0,0,0,0,0,0
154.5901907875071,0,0,0,0,0,0,0,0,0
147.52624396437682,0,0,0,0,0,0,0,0,0
171.51853149244943,0,0,0,0,0,0,0,0,0
145.76694327257226,0,0,0,0,0,0,0,0,0
223.39364850946734,0,0,0,0,0,0,0,0,0
158.22810766588498,0,0,0,0,0,0,0,0,0
210.21530111679067,0,0,0,0,0,0,0,0,0
163.40484960974638,0,0,0,0,0,0,0,0,0
208.5507087468346,0,0,0,0,0,0,0,0,0
154.9115727649049,0,0,0,0,0,0,0,0,0
145.90075619882143,0,0,0,0,0,0,0,0,0
229.34583834465658,0,0,0,0,0,0,0,0,0
130.35076427100034,0,0,0,0,0,0,0,0,0
163.25939698500142,0,0,0,0,0,0,0,0,0
161.58285612201058,0,0,0,0,0,0,0,0,0
150.31734246208177,0,0,0,0,0,0,0,0,0
184.44960814165532,0,0,0,0,0,0,0,0,0
151.47872628130625,0,0,0,0,0,0,0,0,0
156.14673640353666,0,0,0,0,0,0,0,0,0
203.43905829610176,0,0,0,0,0,0,0,0,0
167.5947929495034,0,0,0,0,0,0,0,0,0
143.62246129548512,0,0,0,0,0,0,0,0,0
149.20712139137999,0,0,0,0,0,0,0,0,0
145.77842646138532,0,0,0,0,0,0,0,0,0
145.52467974102143,0,0,0,0,0,0,0,0,0
159.91195186773706,0,0,0,0,0,0,0,0,0
159.5633668227879,0,0,0,0,0,0,0,0,0
157.71139269915503,0,0,0,0,0,0,0,0,0
159.72780924234917,0,0,0,0,0,0,0,0,0
160.41506179721478,0,0,0,0,0,0,0,0,0
132.34092881027897,0,0,0,0,0,0,0,0,0
160.73821733048536,0,0,0,0,0,0,0,0,0
180.9954078920323,0,0,0,0,0,0,0,0,0
228.6210837034478,0,0,0,0,0,0,0,0,0
187.9099341392177,0,0,0,0,0,0,0,0,0
167.1317600417329,0,0,0,0,0,0,0,0,0
142.5447978698221,0,0,0,0,0,0,0,0,0
160.82543695564442,0,0,0,0,0,0,0,0,0
176.56250607529944,0,0,0,0,0,0,0,0,0
176.9601988791293,0,0,0,0,0,0,0,0,0
154.6147469565107,0,0,0,0,0,0,0,0,0
219.5818525813129,0,0,0,0,0,0,0,0,0
163.88527291303183,0,0,0,0,0,0,0,0,0
143.87113923264252,0,0,0,0,0,0,0,0,0
224.71721800253997,0,0,0,0,0,0,0,0,0
138.85383045889233,0,0,0,0,0,0,0,0,0
148.2321915169222,0,0,0,0,0,0,0,0,0
183.29623964211928,0,0,0,0,0,0,0,0,0
139.6037354293533,0,0,0,0,0,0,0,0,0
147.87472759775113,0,0,0,0,0,0,0,0,0
162.19481909397453,0,0,0,0,0,0,0,0,0
160.14956333176445,0,0,0,0,0,0,0,0,0
179.5608106011909,0,0,0,0,0,0,0,0,0
188.4482824325142,0,0,0,0,0,0,0,0,0
183.7245284738875,0,0,0,0,0,0,0,0,0
152.19064511991604,0,0,0,0,0,0,0,0,0
147.29163015099888,0,0,0,0,0,0,0,0,0
154.9340045393193,0,0,0,0,0,0,0,0,0
176.39738927628548,0,0,0,0,0,0,0,0,0
167.46006847221153,0,0,0,0,0,0,0,0,0
152.77416134105775,0,0,0,0,0,0,0,0,0
179.9819595068442,0,0,0,0,0,0,0,0,0
133.23758298784023,0,0,0,0,0,0,0,0,0
140.84555960453775,0,0,0,0,0,0,0,0,0
217.73008044015145,0,0,0,0,0,0,0,0,0
217.96068149315323,0,0,0,0,0,0,0,0,0
143.80387528399507,0,0,0,0,0,0,0,0,0
157.02516144308345,0,0,0,0,0,0,0,0,0
155.84421146831684,0,0,0,0,0,0,0,0,0
147.77750726010254,0,0,0,0,0,0,0,0,0
164.11224954354776,0,0,0,0,0,0,0,0,0
161.96426357669696,0,0,0,0,0,0,0,0,0
167.22259309905505,0,0,0,0,0,0,0,0,0
170.24520221549068,0,0,0,0,0,0,0,0,0
155.08343154168224,0,0,0,0,0,0,0,0,0
138.7176509449653,0,0,0,0,0,0,0,0,0
180.18166311089615,0,0,0,0,0,0,0,0,0
150.4652985650059,0,0,0,0,0,0,0,0,0
169.18328798120845,0,0,0,0,0,0,0,0,0
159.55392205414077,0,0,0,0,0,0,0,0,0
137.8303157762156,0,0,0,0,0,0,0,0,0
178.95975250199825,0,0,0,0,0,0,0,0,0
159.97114541299518,0,0,0,0,0,0,0,0,0
243.27487779130976,0,0,0,0,0,0,0,0,0
142.20279679338162,0,0,0,0,0,0,0,0,0
135.0342950140842,0,0,0,0,0,0,0,0,0
178.27582147757292,0,0,0,0,0,0,0,0,0
183.61818396925534,0,0,0,0,0,0,0,0,0
148.1408786561523,0,0,0,0,0,0,0,0,0
132.13141538091324,0,0,0,0,0,0,0,0,0
161.74307564914295,0,0,0,0,0,0,0,0,0
322.1163813128257,0,0,0,0,0,0,0,0,0
209.16423242288406,0,0,0,0,0,0,0,0,0
147.462875213358,0,0,0,0,0,0,0,0,0
176.79793471337572,0,0,0,0,0,0,0,0,0
171.01256383550657,0,0,0,0,0,0,0,0,0
153.14576114100652,0,0,0,0,0,0,0,0,0
130.147512491053,0,0,0,0,0,0,0,0,0
156.16492137596651,0,0,0,0,0,0,0,0,0
185.19294012208613,0,0,0,0,0,0,0,0,0
157.19619840112463,0,0,0,0,0,0,0,0,0
222.382952774524,0,0,0,0,0,0,0,0,0
147.9709214935066,0,0,0,0,0,0,0,0,0
148.44650226122715,0,0,0,0,0,0,0,0,0
196.9804561256627,0,0,0,0,0,0,0,0,0
183.6206560330618,0,0,0,0,0,0,0,0,0
149.85719730306118,0,0,0,0,0,0,0,0,0
131.0609942117805,0,0,0,0,0,0,0,0,0
187.31818665507328,0,0,0,0,0,0,0,0,0
189.20436437856267,0,0,0,0,0,0,0,0,0
151.99508902942173,0,0,0,0,0,0,0,0,0
175.01187503128176,0,0,0,0,0,0,0,0,0
138.53018108508138,0,0,0,0,0,0,0,0,0
309.17177497942373,0,0,0,0,0,0,0,0,0
171.52520338455514,0,0,0,0,0,0,0,0,0
153.36832854160647,0,0,0,0,0,0,0,0,0
147.43063936660235,0,0,0,0,0,0,0,0,0
183.30852387979206,0,0,0,0,0,0,0,0,0
260.2057331367888,0,0,0,0,0,0,0,0,0
176.6048221960191,0,0,0,0,0,0,0,0,0
139.8553805308459,0,0,0,0,0,0,0,0,0
182.35457339038248,0,0,0,0,0,0,0,0,0
156.45572187802063,0,0,0,0,0,0,0,0,0
157.1720204025628,0,0,0,0,0,0,0,0,0
137.72587380256698,0,0,0,0,0,0,0,0,0
183.15680795944715,0,0,0,0,0,0,0,0,0
161.035003597495,0,0,0,0,0,0,0,0,0
195.588470803435,0,0,0,0,0,0,0,0,0
151.31530215260452,0,0,0,0,0,0,0,0,0
190.9595182735808,0,0,0,0,0,0,0,0,0
160.7171184574685,0,0,0,0,0,0,0,0,0
195.98218425595942,0,0,0,0,0,0,0,0,0
142.4061845895336,0,0,0,0,0,0,0,0,0
191.42668369646452,0,0,0,0,0,0,0,0,0
140.41237246778323,0,0,0,0,0,0,0,0,0
145.2062977853213,0,0,0,0,0,0,0,0,0
186.26898046291848,0,0,0,0,0,0,0,0,0
210.58226744289547,0,0,0,0,0,0,0,0,0
130.16410036259262,0,0,0,0,0,0,0,0,0
186.72950779721324,0,0,0,0,0,0,0,0,0
169.02019251335875,0,0,0,0,0,0,0,0,0
282.01457029019343,0,0,0,0,0,0,0,0,0
172.04126490046116,0,0,0,0,0,0,0,0,0
154.78420414147075,0,0,0,0,0,0,0,0,0
158.9133284582454,0,0,0,0,0,0,0,0,0
190.8188536058995,0,0,0,0,0,0,0,0,0
151.12673623789652,0,0,0,0,0,0,0,0,0
207.9615667955035,0,0,0,0,0,0,0,0,0
152.03762271236081,0,0,0,0,0,0,0,0,0
215.0706919614883,0,0,0,0,0,0,0,0,0
156.37358474914174,0,0,0,0,0,0,0,0,0
182.15443729075398,0,0,0,0,0,0,0,0,0
194.11157032747374,0,0,0,0,0,0,0,0,0
159.59669564071652,0,0,0,0,0,0,0,0,0
133.87453315471896,0,0,0,0,0,0,0,0,0
185.77381385096086,0,0,0,0,0,0,0,0,0
156.57208745437967,0,0,0,0,0,0,0,0,0
160.52474537759747,0,0,0,0,0,0,0,0,0
190.3808737673076,0,0,0,0,0,0,0,0,0
148.12495711931209,0,0,0,0,0,0,0,0,0
159.83118621044989,0,0,0,0,0,0,0,0,0
200.20345339880302,0,0,0,0,0,0,0,0,0
159.9810192441732,0,0,0,0,0,0,0,0,0
134.37446960017616,0,0,0,0,0,0,0,0,0
155.8569004020274,0,0,0,0,0,0,0,0,0
189.49124082845705,0,0,0,0,0,0,0,0,0
149.16286851268717,0,0,0,0,0,0,0,0,0
151.64483179134012,0,0,0,0,0,0,0,0,0
