cycle_time,spt_policy,fifo_policy,hrrn_policy,longest_queue_policy,shortest_queue_policy,least_flexible_resource_policy,most_flexible_resource_policy,least_flexible_activity_policy,most_flexible_activity_policy
373.5894747908373,0,0,0,0,0,0,0,0,0
652.7499891695908,0,0,0,0,0,0,0,0,0
365.4805323941656,0,0,0,0,0,0,0,0,0
520.9276920769561,0,0,0,0,0,0,0,0,0
249.23113296982035,0,0,0,0,0,0,0,0,0
373.938535110331,0,0,0,0,0,0,0,0,0
739.6489485806311,0,0,0,0,0,0,0,0,0
688.4081424484746,0,0,0,0,0,0,0,0,0
407.2460756930694,0,0,0,0,0,0,0,0,0
185.19893236757082,0,0,0,0,0,0,0,0,0
272.73871429431915,0,0,0,0,0,0,0,0,0
269.97540336587605,0,0,0,0,0,0,0,0,0
686.8449935764672,0,0,0,0,0,0,0,0,0
626.1394121914469,0,0,0,0,0,0,0,0,0
250.39464481532713,0,0,0,0,0,0,0,0,0
318.2070370725956,0,0,0,0,0,0,0,0,0
428.5594557221326,0,0,0,0,0,0,0,0,0
651.7107060381576,0,0,0,0,0,0,0,0,0
400.7361239374746,0,0,0,0,0,0,0,0,0
192.0937398940845,0,0,0,0,0,0,0,0,0
342.33578006445913,0,0,0,0,0,0,0,0,0
845.559697578948,0,0,0,0,0,0,0,0,0
337.6444366763323,0,0,0,0,0,0,0,0,0
180.9179556632056,0,0,0,0,0,0,0,0,0
330.85546554071846,0,0,0,0,0,0,0,0,0
374.84518094592255,0,0,0,0,0,0,0,0,0
216.52693189419188,0,0,0,0,0,0,0,0,0
425.7509503767611,0,0,0,0,0,0,0,0,0
368.71908413377355,0,0,0,0,0,0,0,0,0
543.7321892474635,0,0,0,0,0,0,0,0,0
546.6648448074177,0,0,0,0,0,0,0,0,0
515.0935365701341,0,0,0,0,0,0,0,0,0
598.5958026323451,0,0,0,0,0,0,0,0,0
260.2330818581941,0,0,0,0,0,0,0,0,0
380.9992409199845,0,0,0,0,0,0,0,0,0
427.23912197324114,0,0,0,0,0,0,0,0,0
225.89300019973027,0,0,0,0,0,0,0,0,0
362.44333402722316,0,0,0,0,0,0,0,0,0
389.61650454095565,0,0,0,0,0,0,0,0,0
296.36175919247194,0,0,0,0,0,0,0,0,0
767.2575451593215,0,0,0,0,0,0,0,0,0
235.18880468993984,0,0,0,0,0,0,0,0,0
435.37035457572017,0,0,0,0,0,0,0,0,0
234.17617491086418,0,0,0,0,0,0,0,0,0
217.97554102603016,0,0,0,0,0,0,0,0,0
757.4770955910542,0,0,0,0,0,0,0,0,0
466.23265726688925,0,0,0,0,0,0,0,0,0
485.59129406271677,0,0,0,0,0,0,0,0,0
332.77915296220954,0,0,0,0,0,0,0,0,0
331.1772920573713,0,0,0,0,0,0,0,0,0
688.403054738131,0,0,0,0,0,0,0,0,0
481.27538105043897,0,0,0,0,0,0,0,0,0
381.31440777529684,0,0,0,0,0,0,0,0,0
501.5098910153637,0,0,0,0,0,0,0,0,0
416.50050504839635,0,0,0,0,0,0,0,0,0
624.0957352858301,0,0,0,0,0,0,0,0,0
692.5323443534114,0,0,0,0,0,0,0,0,0
327.6238641733437,0,0,0,0,0,0,0,0,0
684.8055360595785,0,0,0,0,0,0,0,0,0
392.4721440408491,0,0,0,0,0,0,0,0,0
555.3197415003383,0,0,0,0,0,0,0,0,0
403.5861413028532,0,0,0,0,0,0,0,0,0
328.0077479757476,0,0,0,0,0,0,0,0,0
448.1961856121699,0,0,0,0,0,0,0,0,0
676.3873710787237,0,0,0,0,0,0,0,0,0
668.6948411053079,0,0,0,0,0,0,0,0,0
229.71974161226322,0,0,0,0,0,0,0,0,0
496.2320651872039,0,0,0,0,0,0,0,0,0
345.7277033258144,0,0,0,0,0,0,0,0,0
474.16656732514053,0,0,0,0,0,0,0,0,0
624.4174922419064,0,0,0,0,0,0,0,0,0
489.17837637803285,0,0,0,0,0,0,0,0,0
240.76137715738844,0,0,0,0,0,0,0,0,0
392.98703473116916,0,0,0,0,0,0,0,0,0
367.51388371293524,0,0,0,0,0,0,0,0,0
554.1876740041689,0,0,0,0,0,0,0,0,0
372.4291475619846,0,0,0,0,0,0,0,0,0
633.37787973291,0,0,0,0,0,0,0,0,0
557.2408960243756,0,0,0,0,0,0,0,0,0
282.42131926966084,0,0,0,0,0,0,0,0,0
320.3783706294054,0,0,0,0,0,0,0,0,0
271.49942423276974,0,0,0,0,0,0,0,0,0
462.9935585143395,0,0,0,0,0,0,0,0,0
224.9960534617416,0,0,0,0,0,0,0,0,0
329.160037967653,0,0,0,0,0,0,0,0,0
631.0366070063048,0,0,0,0,0,0,0,0,0
618.7484841885716,0,0,0,0,0,0,0,0,0
663.3027230826967,0,0,0,0,0,0,0,0,0
931.4960790515963,0,0,0,0,0,0,0,0,0
432.97952904040653,0,0,0,0,0,0,0,0,0
714.249077670383,0,0,0,0,0,0,0,0,0
571.8326935764488,0,0,0,0,0,0,0,0,0
288.58739344825784,0,0,0,0,0,0,0,0,0
401.17501468921057,0,0,0,0,0,0,0,0,0
594.2564602326136,0,0,0,0,0,0,0,0,0
739.692381553372,0,0,0,0,0,0,0,0,0
337.54624219282914,0,0,0,0,0,0,0,0,0
596.3312343792278,0,0,0,0,0,0,0,0,0
270.42458935923486,0,0,0,0,0,0,0,0,0
374.4287547532358,0,0,0,0,0,0,0,0,0
431.5603488206991,0,0,0,0,0,0,0,0,0
339.948024466299,0,0,0,0,0,0,0,0,0
354.32868007093094,0,0,0,0,0,0,0,0,0
422.2645484287756,0,0,0,0,0,0,0,0,0
603.6379201840351,0,0,0,0,0,0,0,0,0
288.4785601958002,0,0,0,0,0,0,0,0,0
621.7988549849595,0,0,0,0,0,0,0,0,0
677.371239388049,0,0,0,0,0,0,0,0,0
352.22794307131926,0,0,0,0,0,0,0,0,0
279.0668718667121,0,0,0,0,0,0,0,0,0
337.26418401127097,0,0,0,0,0,0,0,0,0
549.3971298912479,0,0,0,0,0,0,0,0,0
350.3470861461544,0,0,0,0,0,0,0,0,0
324.9698995203293,0,0,0,0,0,0,0,0,0
491.8466045611706,0,0,0,0,0,0,0,0,0
538.1895865769163,0,0,0,0,0,0,0,0,0
585.2110324918998,0,0,0,0,0,0,0,0,0
446.1184826941397,0,0,0,0,0,0,0,0,0
475.0231629716882,0,0,0,0,0,0,0,0,0
567.0000830659465,0,0,0,0,0,0,0,0,0
673.8548399521546,0,0,0,0,0,0,0,0,0
313.1343659058019,0,0,0,0,0,0,0,0,0
520.1833808592816,0,0,0,0,0,0,0,0,0
533.5291365705675,0,0,0,0,0,0,0,0,0
490.01660885220423,0,0,0,0,0,0,0,0,0
669.2507758753555,0,0,0,0,0,0,0,0,0
493.9825568261816,0,0,0,0,0,0,0,0,0
410.7450155973155,0,0,0,0,0,0,0,0,0
412.81404477302874,0,0,0,0,0,0,0,0,0
528.7385365208379,0,0,0,0,0,0,0,0,0
387.8680446548239,0,0,0,0,0,0,0,0,0
310.73301552899215,0,0,0,0,0,0,0,0,0
654.7161332776258,0,0,0,0,0,0,0,0,0
533.1724412417683,0,0,0,0,0,0,0,0,0
484.4697950668297,0,0,0,0,0,0,0,0,0
792.1418146581826,0,0,0,0,0,0,0,0,0
657.2026402155054,0,0,0,0,0,0,0,0,0
419.03443028901324,0,0,0,0,0,0,0,0,0
721.433241139636,0,0,0,0,0,0,0,0,0
586.6783437843217,0,0,0,0,0,0,0,0,0
479.3217706106925,0,0,0,0,0,0,0,0,0
327.96542234508195,0,0,0,0,0,0,0,0,0
855.1091196744306,0,0,0,0,0,0,0,0,0
394.35718286850863,0,0,0,0,0,0,0,0,0
656.2239384746657,0,0,0,0,0,0,0,0,0
262.6419252292222,0,0,0,0,0,0,0,0,0
545.7828138523907,0,0,0,0,0,0,0,0,0
408.1492500783701,0,0,0,0,0,0,0,0,0
428.3874156660335,0,0,0,0,0,0,0,0,0
257.7324036358225,0,0,0,0,0,0,0,0,0
910.4031900085814,0,0,0,0,0,0,0,0,0
700.765878360424,0,0,0,0,0,0,0,0,0
415.9221662282752,0,0,0,0,0,0,0,0,0
556.2906646021332,0,0,0,0,0,0,0,0,0
405.1008583588057,0,0,0,0,0,0,0,0,0
332.0159918495836,0,0,0,0,0,0,0,0,0
403.13757692931176,0,0,0,0,0,0,0,0,0
342.5261521147692,0,0,0,0,0,0,0,0,0
453.12471977576644,0,0,0,0,0,0,0,0,0
189.7136613236241,0,0,0,0,0,0,0,0,0
362.8893837697284,0,0,0,0,0,0,0,0,0
650.1812993875172,0,0,0,0,0,0,0,0,0
618.4488100782684,0,0,0,0,0,0,0,0,0
393.563180250804,0,0,0,0,0,0,0,0,0
313.36730078917026,0,0,0,0,0,0,0,0,0
502.88396639484495,0,0,0,0,0,0,0,0,0
229.28142246954263,0,0,0,0,0,0,0,0,0
302.6243492174187,0,0,0,0,0,0,0,0,0
403.9422244375372,0,0,0,0,0,0,0,0,0
968.6099904216237,0,0,0,0,0,0,0,0,0
407.5160049117494,0,0,0,0,0,0,0,0,0
828.3756411963487,0,0,0,0,0,0,0,0,0
566.6875611305269,0,0,0,0,0,0,0,0,0
757.3487967101528,0,0,0,0,0,0,0,0,0
324.90016126304346,0,0,0,0,0,0,0,0,0
469.5185701270939,0,0,0,0,0,0,0,0,0
560.6373905620893,0,0,0,0,0,0,0,0,0
657.581787310098,0,0,0,0,0,0,0,0,0
683.3640509242031,0,0,0,0,0,0,0,0,0
643.0421844302325,0,0,0,0,0,0,0,0,0
611.170391311717,0,0,0,0,0,0,0,0,0
378.38452641624536,0,0,0,0,0,0,0,0,0
556.8407724386856,0,0,0,0,0,0,0,0,0
273.4579327523558,0,0,0,0,0,0,0,0,0
588.9225126356139,0,0,0,0,0,0,0,0,0
793.1515313203608,0,0,0,0,0,0,0,0,0
534.2168855082731,0,0,0,0,0,0,0,0,0
656.851321426099,0,0,0,0,0,0,0,0,0
511.3292154482397,0,0,0,0,0,0,0,0,0
265.78561800440013,0,0,0,0,0,0,0,0,0
761.6787730371253,0,0,0,0,0,0,0,0,0
414.54384447993186,0,0,0,0,0,0,0,0,0
490.0889542755524,0,0,0,0,0,0,0,0,0
735.8537890190781,0,0,0,0,0,0,0,0,0
376.17323216132587,0,0,0,0,0,0,0,0,0
590.282867430008,0,0,0,0,0,0,0,0,0
647.6802245938744,0,0,0,0,0,0,0,0,0
642.3991569082601,0,0,0,0,0,0,0,0,0
175.45451250477248,0,0,0,0,0,0,0,0,0
407.4090404995923,0,0,0,0,0,0,0,0,0
508.5124707131762,0,0,0,0,0,0,0,0,0
327.17173127860536,0,0,0,0,0,0,0,0,0
336.7038342696356,0,0,0,0,0,0,0,0,0
218.201979023463,0,0,0,0,0,0,0,0,0
406.9197137807315,0,0,0,0,0,0,0,0,0
365.3907366985959,0,0,0,0,0,0,0,0,0
508.36539667155733,0,0,0,0,0,0,0,0,0
463.38617506866825,0,0,0,0,0,0,0,0,0
490.9845056282323,0,0,0,0,0,0,0,0,0
297.25419020068074,0,0,0,0,0,0,0,0,0
429.41060699709755,0,0,0,0,0,0,0,0,0
318.17562537537947,0,0,0,0,0,0,0,0,0
676.2262316861253,0,0,0,0,0,0,0,0,0
416.1613219551605,0,0,0,0,0,0,0,0,0
857.9512758884844,0,0,0,0,0,0,0,0,0
385.17276195653096,0,0,0,0,0,0,0,0,0
459.6503963539658,0,0,0,0,0,0,0,0,0
218.3328500021955,0,0,0,0,0,0,0,0,0
288.98765202306737,0,0,0,0,0,0,0,0,0
274.3921748126283,0,0,0,0,0,0,0,0,0
825.9751201863126,0,0,0,0,0,0,0,0,0
327.7929356612124,0,0,0,0,0,0,0,0,0
540.8099526641862,0,0,0,0,0,0,0,0,0
383.57877660402886,0,0,0,0,0,0,0,0,0
394.29350343069814,0,0,0,0,0,0,0,0,0
275.914032435982,0,0,0,0,0,0,0,0,0
588.0534725453231,0,0,0,0,0,0,0,0,0
491.29093100061465,0,0,0,0,0,0,0,0,0
466.6549129222567,0,0,0,0,0,0,0,0,0
510.2123962399004,0,0,0,0,0,0,0,0,0
415.3348564883807,0,0,0,0,0,0,0,0,0
401.5581457810344,0,0,0,0,0,0,0,0,0
331.8628108258393,0,0,0,0,0,0,0,0,0
157.5356835198009,0,0,0,0,0,0,0,0,0
590.5241619323369,0,0,0,0,0,0,0,0,0
349.8820533542205,0,0,0,0,0,0,0,0,0
457.81110709751687,0,0,0,0,0,0,0,0,0
415.2493916656434,0,0,0,0,0,0,0,0,0
339.68461389150303,0,0,0,0,0,0,0,0,0
448.9244608704474,0,0,0,0,0,0,0,0,0
312.9892359100983,0,0,0,0,0,0,0,0,0
423.1281089865384,0,0,0,0,0,0,0,0,0
396.5332537421441,0,0,0,0,0,0,0,0,0
356.24505066381164,0,0,0,0,0,0,0,0,0
344.3752693315574,0,0,0,0,0,0,0,0,0
416.2194547597433,0,0,0,0,0,0,0,0,0
177.4650614956799,0,0,0,0,0,0,0,0,0
483.4949071259356,0,0,0,0,0,0,0,0,0
637.8386111466259,0,0,0,0,0,0,0,0,0
529.5778023562917,0,0,0,0,0,0,0,0,0
478.11397656021484,0,0,0,0,0,0,0,0,0
325.21936575744456,0,0,0,0,0,0,0,0,0
514.6681070351212,0,0,0,0,0,0,0,0,0
447.2161557604884,0,0,0,0,0,0,0,0,0
326.3253815307913,0,0,0,0,0,0,0,0,0
365.99344622283104,0,0,0,0,0,0,0,0,0
481.1572915639916,0,0,0,0,0,0,0,0,0
724.0692201555044,0,0,0,0,0,0,0,0,0
619.1711412386695,0,0,0,0,0,0,0,0,0
344.2564039330821,0,0,0,0,0,0,0,0,0
534.7272537525831,0,0,0,0,0,0,0,0,0
550.9782958298672,0,0,0,0,0,0,0,0,0
528.3860638465346,0,0,0,0,0,0,0,0,0
470.70224882609256,0,0,0,0,0,0,0,0,0
352.48008052580326,0,0,0,0,0,0,0,0,0
271.43327499434685,0,0,0,0,0,0,0,0,0
409.16217471404156,0,0,0,0,0,0,0,0,0
548.5178930779199,0,0,0,0,0,0,0,0,0
473.31132132579063,0,0,0,0,0,0,0,0,0
527.6579446286959,0,0,0,0,0,0,0,0,0
714.5462937693748,0,0,0,0,0,0,0,0,0
710.9413616634935,0,0,0,0,0,0,0,0,0
537.5754695330612,0,0,0,0,0,0,0,0,0
543.6059401080819,0,0,0,0,0,0,0,0,0
359.54122153779434,0,0,0,0,0,0,0,0,0
609.5226376868616,0,0,0,0,0,0,0,0,0
289.02628089584323,0,0,0,0,0,0,0,0,0
458.7375524689381,0,0,0,0,0,0,0,0,0
350.4029675186421,0,0,0,0,0,0,0,0,0
499.57479670243987,0,0,0,0,0,0,0,0,0
856.2544858430415,0,0,0,0,0,0,0,0,0
414.90073025213576,0,0,0,0,0,0,0,0,0
495.5355458002761,0,0,0,0,0,0,0,0,0
544.052480796969,0,0,0,0,0,0,0,0,0
407.25298698857006,0,0,0,0,0,0,0,0,0
371.5328998336807,0,0,0,0,0,0,0,0,0
201.73180307082816,0,0,0,0,0,0,0,0,0
370.612790287918,0,0,0,0,0,0,0,0,0
588.4414355082706,0,0,0,0,0,0,0,0,0
458.22552756941604,0,0,0,0,0,0,0,0,0
684.6058577615605,0,0,0,0,0,0,0,0,0
435.0879147358545,0,0,0,0,0,0,0,0,0
367.8820952926802,0,0,0,0,0,0,0,0,0
744.4763217803778,0,0,0,0,0,0,0,0,0
521.1838141257194,0,0,0,0,0,0,0,0,0
525.0424968090902,0,0,0,0,0,0,0,0,0
616.8738946762763,0,0,0,0,0,0,0,0,0
296.4567723902529,0,0,0,0,0,0,0,0,0
524.7771548030363,0,0,0,0,0,0,0,0,0
644.0483704014587,0,0,0,0,0,0,0,0,0
