cycle_time,spt_policy,fifo_policy,hrrn_policy,longest_queue_policy,shortest_queue_policy
142.91810922965533,18282,6185,9921,8169,8043
116.2369234020377,18325,5491,8938,7489,8319
144.0537343663763,18294,5994,9649,8325,7696
156.3178439911525,17207,6092,9869,8481,8167
170.67489860802564,17632,6229,9994,8067,7925
130.3030338328847,17321,5164,9212,8129,7720
115.98994192497945,17691,5317,9293,7085,7915
172.9116127350838,17504,6265,9660,8241,7912
123.30056682870662,17578,5847,9029,7614,7904
159.98468999694526,16901,6027,9881,8657,7733
134.999329518808,17796,5596,9277,8368,8025
125.09882634948609,18746,5669,8968,7299,7842
152.14670556894626,17342,6252,9515,8270,7558
135.1130040280048,17898,5916,9632,7871,8145
149.287115054346,16583,5982,9909,8291,8022
129.296097323313,18539,5925,9191,7312,7815
151.42595114537997,17510,6147,10262,8381,7817
146.74583339960364,17311,5944,10063,8455,7919
178.8151532114534,17304,6762,10183,8804,7606
155.088925527687,16529,5795,10141,8539,7800
141.0632845153483,18230,6010,9604,8352,7538
139.05031026165815,18066,6090,9087,7920,7758
126.19219117060504,17756,5375,9159,8141,7490
132.0775844754342,17958,5792,9272,7622,7967
128.34053341021976,18919,5289,8799,7220,7702
133.89211894671365,18379,6148,9490,7654,8189
135.85482940624084,17929,5865,9334,7930,8118
148.22339156891545,17464,5996,9742,8319,7853
158.25699801424585,16741,6033,10048,8952,7974
143.3753159800733,18098,6072,9488,7855,7929
130.71124108438025,17694,5634,9357,7469,8013
144.60263644428764,18424,6188,9679,7996,8031
131.86975633270205,18033,5614,8817,7870,7854
165.31439417347306,17764,5930,9815,8315,7578
178.60386570846023,16649,6388,10817,9378,7816
208.33808563685855,16777,6590,11253,8481,7593
154.296082515281,17711,6262,9356,7971,7587
140.96875234371294,17924,5784,9598,7868,7618
155.16623999822545,16633,6093,10049,8422,7522
132.06969125575054,17354,5581,9338,8017,8313
192.74005869875268,16808,6397,10633,8866,7793
133.044740165963,18133,6075,9528,7810,8285
119.58465953720906,18461,5332,9112,7618,8270
129.05262358157273,17812,5785,9811,8189,8146
184.9278868636714,16878,6458,9831,8824,7140
154.08864850671978,17308,5705,9818,8668,7870
132.53598507322565,17486,5883,9222,7568,7944
112.08455933131299,19015,5814,8304,7338,8172
145.62956724979898,16935,5989,9528,8328,7516
159.88863717633,17020,6064,9746,8694,7657
142.00660927566648,17384,5827,9251,8010,8064
162.52729932093922,16738,6241,10072,9027,7536
147.15420296668768,17945,6077,9768,8305,7831
128.5588154459877,18647,5665,9109,7830,8163
115.42479803057937,17991,5334,8704,6903,8124
143.4887926088949,17710,6059,9165,7809,7552
121.23650014333714,18241,5548,8884,7282,8011
145.48455900245938,17488,5985,9747,8111,7877
134.00911966702353,18448,5843,9549,7720,7753
156.024384513922,16533,6205,10454,8868,7669
153.24413619645009,17678,6120,9688,8166,7410
140.9856709907145,17005,5640,9823,8501,7707
114.41734174719628,19068,5448,8726,6875,8199
159.04158525293008,16509,5894,10694,8947,7542
128.01373017355772,17635,5601,8714,7622,7723
137.47142774268266,17041,5573,9433,8297,7594
136.49825797273806,17825,5650,9396,7870,7758
132.525571964887,18412,5953,9285,7951,8028
147.9603491787665,16978,6204,9776,8188,7971
129.31941333944752,18697,5878,9316,7720,8142
129.96331429863653,17404,5599,9508,8321,8102
146.74890809302175,16909,6240,10373,8534,8267
155.78665924239962,17315,6030,9879,8119,7701
117.95836298399445,18195,5576,8868,7613,7537
125.05437828289689,18429,5774,9531,7582,8221
147.29015466425895,17809,6132,9673,8511,8262
140.73218766787812,18365,5647,9075,7732,7852
145.58457129516847,18102,5979,9642,8142,7798
168.25771338332186,16921,6195,10568,8790,7968
155.36123063635134,16507,5706,10281,8224,7773
159.50544982657314,16969,5900,9927,8298,7779
134.78072483943907,17813,5527,9328,8219,7874
135.001173855609,18113,5996,9461,8084,7919
139.13382337659993,16990,5944,9493,8137,7717
133.87064164508348,18020,5960,9246,7628,7837
143.03389168080378,17642,6060,9947,8375,7982
150.8612950468589,17481,6133,9130,7979,7989
115.30602914992359,19080,5576,8162,6994,7920
126.117154941474,18004,5614,9217,7689,7775
138.09429082053126,17088,6060,9334,8253,7905
160.72425462130013,17469,6087,10033,8858,7829
145.0539636719671,18197,6095,9267,7720,8071
129.62020349099188,18501,5911,9187,7477,8300
120.80449032603926,17654,5628,8574,7451,7729
145.40288898896338,17417,6298,9330,8180,7684
130.16296084006729,17900,6045,9133,7509,7963
148.87083128753835,17026,6053,9599,8624,7468
134.99159575302355,17201,5765,9497,7837,7497
143.09340784632664,17271,5518,10033,8639,7835
113.74088785910774,18231,5413,8579,6960,7651
122.91076047050409,18751,5660,8895,7474,8064
133.67137688376454,18417,6060,9424,7772,7977
143.37609875589894,17119,5867,9570,8143,7712
145.30107509032203,17185,6053,9631,8003,8190
134.02358701974293,18307,6011,8899,7312,8113
151.4058438154395,17659,5918,9318,8136,7915
133.34562931410412,18253,5881,9446,8027,7998
145.5704943662498,17982,5807,9609,8245,7935
145.72243714187516,18673,6241,9366,7704,8036
118.365430153769,18007,5455,8854,7571,7924
143.46962955043583,17829,6033,9356,7534,7630
148.0244098559608,18496,6096,9484,7715,7652
172.30933691852667,16578,6608,10172,8837,7840
130.38671860303467,17406,5764,9290,8341,8241
153.62038425798949,17339,6281,10478,8781,7828
134.97943330848858,17173,5717,9382,7924,7899
180.88095179910516,16153,6741,10298,8463,7431
111.0188998054358,18605,5449,8999,7405,8070
133.14981977318317,17608,5892,9781,8644,8193
118.19410388261504,18688,5558,8721,7643,7883
127.39178874368518,18197,5998,8715,7458,7541
143.5294986314278,18153,6037,9714,7932,7788
163.79600015237781,17532,6382,9823,7975,7792
131.77445694679568,17617,6034,8959,7637,7283
140.89746698193244,17947,6071,9586,8294,7728
151.8993745867533,17638,5874,10032,9049,7945
139.90833108514482,18080,5851,9359,7814,7756
136.53359848566518,17553,5992,9304,8224,8111
167.89090240656796,17087,6203,10120,8937,7906
120.12556670379196,17907,5389,9053,7621,7954
120.23030108425712,18313,5762,8733,7383,7931
121.85449636550727,18208,5756,9091,7848,7988
127.70951254777718,17982,5719,9504,8090,7956
128.02952169517673,17694,5776,9230,7791,7871
136.55086666583682,17774,5857,9626,8168,8118
150.09401490784526,17465,5852,9540,8707,8078
135.69502255606338,17986,6015,9956,8198,7877
114.67035017692506,17946,5330,8594,7371,7984
134.84562569886376,18516,5767,9460,7433,7954
119.05347459349318,18328,5262,9255,7401,8104
151.86477402562636,16902,5947,9362,8136,7334
160.8841641765589,16459,5963,10139,8625,7819
151.73244538360115,17509,6115,9549,8128,7695
123.81786723157688,18375,5486,9157,8023,7662
156.5995653937786,17508,5900,9497,8237,7508
120.70026823547055,18288,5312,9038,7892,7789
158.30890376449432,16635,5964,10093,8520,7536
170.1929076012589,17025,6266,10275,8748,7676
137.35338134588534,17888,6081,9402,8206,7853
155.66414161477763,17731,6135,10113,8857,8192
119.2711006228784,18772,5512,8874,7141,7928
166.852171916614,17536,6435,10334,8876,7883
140.06165120887138,17416,6116,9738,8408,7719
135.38035286503003,17946,5838,9192,8157,7648
151.80520974457156,17571,5880,9235,8325,7792
137.28136327501994,17389,5958,9576,8203,7441
133.24866464282604,18246,5813,9216,8154,8011
121.1909100455113,18238,5590,9204,7454,8079
144.4340212431072,16744,5869,10233,8721,7927
130.24974857637412,18203,5875,8759,7681,7645
169.8340871730302,16579,6143,10344,8842,7696
169.3244576630461,16974,6410,10202,8851,7681
120.64841797936771,17936,5632,8991,7668,8077
127.1331728853204,18038,5615,9244,7612,7804
136.19511767073428,16857,6010,9283,7819,7617
124.31820514592866,17603,5410,8781,7225,7415
158.01986456354078,17965,6062,10085,8387,7906
145.15921501083432,17407,6231,9486,8271,7823
196.58018436574923,16804,7099,10180,9227,7883
130.62208530190495,18153,5796,9262,7888,8228
159.08999605874916,16851,6044,9690,8525,7555
179.8109980317762,16664,7180,9733,8176,7302
136.686716611883,17818,5815,9706,7802,7791
135.65229729189988,17589,5932,9464,8556,8229
120.86735510253574,18156,5422,8935,7862,7801
135.0301950668097,17567,6052,8977,8194,7772
137.64272703268904,17954,5631,9339,7760,7970
135.724650519961,17245,5583,9375,7651,7830
169.05429732024436,17396,6610,9932,8693,7687
156.1196815392721,18182,6368,10172,8491,7911
138.99347021338568,17266,6042,9467,7857,7748
122.74478266179214,18530,5677,9076,7717,7864
153.8582346849082,16939,6032,9952,7842,7773
145.0934787261283,17092,6112,9860,8431,7887
127.88471193715625,18468,5787,9272,7680,7802
164.19991994435438,16893,6472,9742,8809,7676
105.25272846355811,19452,5309,8086,6862,8194
144.6802447334176,16697,5543,10021,8409,7871
148.8815144669705,17473,5863,9503,8229,7615
128.50112592512184,17892,5831,9335,7751,7831
142.58937478793527,17465,6016,9679,7686,7616
127.02187664056835,18834,5936,9250,7572,8189
168.72285639862818,16957,6512,9722,8948,7454
179.40351470372877,18040,7062,9924,8498,7526
128.98647221394285,17728,5393,9369,7812,7828
162.38400269913413,16431,6073,10451,8973,7817
138.67055248097984,17136,5807,8821,7658,7564
158.443510783923,17411,6139,10264,8384,7937
158.76886203976912,17061,6683,9610,8685,8035
222.74264209716372,15763,7150,10717,9015,7527
163.8380348701635,16605,6337,10104,8819,7606
121.9126216685216,18685,5705,8725,7390,7992
154.51940643537054,17063,6093,10026,8427,7454
155.69862614049595,16808,6440,9572,8813,7970
129.08021391206654,18169,5634,9016,7701,7971
123.8651634785931,17739,5538,9130,7175,7935
121.93703855602426,18504,5548,8929,7361,8114
166.2563198650895,17554,6189,9357,8741,7594
129.11016622187046,17317,5722,9298,8055,7632
180.8493237001922,17015,6107,10248,9037,8051
195.98284266770582,15991,6355,10357,8541,7614
149.3046644625893,17896,6140,9455,7748,8123
147.03711067826458,17541,5886,10043,8512,8255
151.7377915403764,17506,6280,9573,7912,8195
137.58589927674188,17297,5773,9832,8233,8032
142.28754556413878,17670,5791,9368,8283,7796
183.02345565961556,16904,6312,10571,8671,7656
147.76902877957005,17529,6128,9818,8389,7486
150.17102666441406,17383,5917,10286,8667,7940
121.90196319361218,17770,5383,9125,7693,7838
166.5076896790956,16776,6241,9754,8558,7489
209.98465034130254,15898,7575,10146,8918,7446
151.79015557370488,18260,5606,9712,8175,7971
133.65351956847073,18189,5549,9559,8178,8006
125.21057859388083,18677,5712,8404,7412,7621
149.66348331099667,17741,5798,9380,7828,7499
154.0467197585115,16358,6250,10262,8830,7727
139.64788109361226,16906,6044,9967,8294,7891
185.3540825548516,15639,6155,10968,9487,7738
128.85129813086175,17893,5712,9120,7981,8039
141.66690035391903,16920,5823,9861,8308,7699
135.00438803393624,17499,5790,9526,8153,7943
210.5590387493296,15954,6336,10304,9540,7760
136.9318075530523,18155,5653,8884,7897,7625
134.2095429418532,17868,5805,9264,7859,7814
173.76888833722484,16854,6071,10390,8481,8014
161.31859580987086,17696,6235,9634,8503,7752
135.8961865854514,17925,5832,9464,8258,7989
167.54539864895557,17061,6131,9683,8651,7711
146.6142391905714,17325,5935,10040,8305,7757
125.9680451116193,18040,5634,8935,7123,7991
173.02532927028986,16793,6420,10394,9134,7893
128.05057426687898,17799,5717,8810,7804,7547
134.08138059818612,17710,5824,9126,7738,8059
140.82164172745203,17478,6065,9635,8220,7690
159.5057784611984,17014,6122,10342,8773,7913
146.30911947213903,17833,6046,9748,8733,7713
169.0634893490834,17223,6500,10543,9198,7890
152.98578386697423,17022,6135,9813,8460,7811
128.67979062824796,17941,5620,9075,7876,7745
145.9241002757279,17402,5850,9914,8455,7834
147.8658165389862,18069,5695,9595,7979,8055
150.84383191339043,17084,5916,10115,8439,7876
152.25565569540933,16962,5907,10031,8790,7662
157.74440026012076,17177,6432,8983,8349,7607
143.71556272629022,17113,5959,10172,8710,7870
128.83817189672985,17755,5729,9433,7928,7421
132.57930210010318,17437,5881,9889,8044,7785
134.58686503015602,17864,5987,9328,7986,8174
143.71245183998096,17870,5982,9226,8167,8041
154.69992609339423,16877,5928,9978,8574,7816
147.79876109021845,17781,5838,9837,8182,7726
140.8106623795233,17957,5757,9365,7704,7652
138.2811513305163,18168,5408,9236,7879,8145
129.14388549989513,18101,5859,9261,7748,7846
174.43241072672606,15996,6190,10789,9546,7709
133.24166605096406,18807,5791,8935,7484,8116
133.18868795081272,17926,5575,9432,8272,7699
164.0130738813804,16758,6088,9643,8386,7881
135.20199712120427,17872,5810,9735,7627,7989
134.2803183232666,17998,5878,8951,7823,7718
163.42368446278934,17310,6314,9990,8140,7402
152.50784182189417,17388,6427,9978,8591,7940
134.1246223627675,17215,5816,9194,7462,7620
132.87894606555452,18870,5901,8674,7356,7955
160.32748966202283,17484,6505,9757,8277,7457
121.63580012015372,18240,5733,8853,7654,7894
117.87471823385738,18295,5463,9089,7559,7760
135.0675831100011,17496,5754,9636,8255,7656
155.91313986544947,18106,6045,9881,8244,7778
128.7499898752972,17384,5844,8974,7994,8216
140.5308356459397,17610,6136,8914,7656,7841
121.99711181934329,18917,5469,8519,7430,7612
132.1956573202726,17940,5553,9308,7685,7956
134.27973650717138,17561,5742,9214,8570,7663
167.94661515232633,16766,6435,9850,8347,7749
135.96753712184073,17582,5924,9485,8041,7784
151.90531104940672,17731,5981,9559,7706,7918
167.4407121839356,16743,6384,9964,8671,7643
133.14612299815366,18372,6009,8884,7699,8212
123.64753204706949,17196,5644,9446,7597,7674
144.48593695023015,17739,5797,9337,7775,7987
164.638648529231,16649,6670,10573,8881,7482
130.17204007971498,18453,5496,8906,7464,7880
162.0843495000721,18182,6182,9605,8571,7965
157.6563822497062,17108,6134,10019,8781,8063
152.0342718041467,17128,5718,9836,8288,8026
157.7859855341231,17723,6063,9774,8663,7619
145.6435292898455,17003,5888,9669,7653,7601
144.01915849233094,17663,6077,9179,7930,7866
