cycle_time
19.518468871844814
15.232920578666914
36.84966785096221
21.424304618136336
39.04520775182294
24.669880013944592
24.755258967755438
11.6171134414141
20.1165822781849
14.091669176594289
19.25568883016667
20.80650495525809
14.841924172460509
10.219948856793938
19.31661790424377
28.952426440706027
10.475246255450402
28.564832705437432
18.70812102218238
17.499644139330147
15.111616068879949
12.133250131900235
18.260693670544054
25.144898612374767
16.614238742793642
34.3269375531945
11.28946922125863
9.848652596857326
10.951555992026448
17.04175037195183
12.206705828798812
13.409389647694526
40.2359551653191
22.552738272707472
12.04079017245789
21.25674863471476
14.547790496348759
15.031038227771813
19.58177957894818
23.132670429553407
39.50070127389052
14.688254580259704
18.054010403238493
15.735907911814117
11.987153636868646
21.030394131269738
12.687431392004623
21.223228595950097
27.30037964508671
30.331390806881227
66.68904540094523
17.914202845705983
36.90840758658892
15.284637717865168
36.62059314103195
15.074040861577396
12.469245163896943
15.39416845969843
11.662652216508777
25.270364635042352
21.716881535398617
15.234364828385289
30.44967222650548
26.44878326025193
16.55247051420364
15.359506304718769
10.113689788627036
20.92695030106329
27.086237708910897
17.891492775456523
13.902685710264096
11.280770632203787
11.802143563586881
13.569951919926424
24.811492719051525
15.584891169274885
12.231577128930853
39.42701001944738
13.658701370256043
19.08108107094443
15.02462879348921
28.164745459008227
12.75472352583776
24.841020913933978
24.76310869258594
21.17139754679208
14.841337462723143
11.271124473049557
22.83559401746318
11.38532921139617
14.336218805722458
31.426425968907584
12.931299865297916
9.783951851910237
13.063505128853214
11.418760159293342
16.053193408780107
16.52241676786
19.125870770456952
11.460888722999151
17.250969090752434
20.37807627174118
28.206803175688176
16.471549940262936
14.772735352755133
14.121294379363405
15.122766350589597
14.177100559629269
17.024652721443594
30.173211333549794
12.649420353382869
19.294046960604945
13.124322280115312
20.486370355087445
21.796036931149565
11.774156180916531
16.325836195882772
10.600559401887638
11.796841098192179
13.803537258854593
11.867111032201624
19.688184823364505
11.957667999137596
15.68986516072739
16.095346455493928
27.10350405869577
18.41474505873276
14.212426052899376
19.871225720460036
14.144271459140835
11.769185462662163
15.939346036379815
14.12996545644715
20.53817502114272
16.725345157239847
14.036990217263945
13.680477015951181
23.44728529203056
17.594725503399566
15.246974840210514
16.203952255921404
17.42398714168879
17.346973159791194
16.97918208534407
15.742661423738989
14.112880204237948
10.581550597316664
15.289107535202671
16.277935705294766
12.93085828340566
13.911380113834156
10.955259794689344
16.379107314360734
12.803037097649861
20.505981731820302
33.83943702304868
28.726644057948036
28.813495202138657
15.866709741730144
17.704080606088347
19.371496453653997
24.98764133091334
24.95495943790996
36.06169804940165
16.744583390611506
28.304994214671414
14.005909750300573
20.45140622181946
18.01345870337183
15.344606757185263
22.48968474097935
13.712233400047827
13.855410674750242
16.631719709995654
15.37265157379347
20.257882306764557
15.93583773789855
11.38565450481535
12.909296329055334
22.389454272230708
10.976359180506858
14.27355224038407
17.98343558865671
16.984896068112565
32.60298968127254
11.719438308957029
9.898789357951074
18.465197594742186
16.247907495793662
10.422494733205953
12.751216908431276
15.27261814178507
18.333394965994987
15.70558814343138
10.244314847432507
22.694561525989315
14.915674293530003
16.83462593497312
27.179737465807868
30.069261335099092
20.231682513715754
17.751991678745096
14.018284180567187
16.965079774283243
14.123287507824656
16.780747365142663
11.535164428136408
27.83888220371581
16.246794015635075
17.77928183600291
16.158530171519192
10.67304868944788
15.920579906361487
23.627866258576308
13.3348487694119
14.177844186324588
23.24799706856399
25.802084512660436
19.812018871624844
19.073682045762368
17.15437168629735
20.742103874567476
24.179796492624067
13.41918427871384
15.551973636423833
17.018813715593268
24.24581895917632
21.364312407821807
33.29241193415847
20.135738658567526
14.597320264388676
15.662893494529254
17.064159291740904
14.535461919849558
11.689171694452291
21.079378381231283
13.106438658718849
31.31606884021731
15.68806150903498
11.958343625306382
21.822435634068317
12.398743753121304
14.358284000883168
17.448960295551252
16.974899246964206
15.414030305450478
17.40408087102288
20.131346311502565
10.089161673615587
15.184412003749655
21.464231999543777
12.322468266193102
12.501309567031052
17.10776049730112
17.956495138296027
20.690768901883093
15.484383819843512
13.857890885839854
14.197649507180069
23.101529219375973
21.952572867330716
14.95328384461901
11.468357460392252
17.844502520272023
11.712907679025824
19.940211260433603
13.458030542726767
22.555801852826495
23.114530822892096
19.74742785753355
12.575318628808844
32.180808041575546
13.493974118897139
12.752927960323701
17.840871209889595
14.530848920669701
14.513569332596756
31.234877908750356
20.24338374680927
41.59734959337575
16.884730545417632
19.68521160355154
10.14076179204328
21.14911613019789
18.462092672151165
12.936307517914994
22.264277838361966
18.211634879752115
17.194261750658306
52.83999636306992
9.637039554828148
13.386032859710548
15.251698132076111
19.01048469461123
28.71527177929108
15.586551658329967
13.258953713547651
24.742631364324424
17.043040329900673
11.154828311558564
