cycle_time
12.457151752032434
25.228803171917725
17.318074418408138
13.239914966323973
18.953209320535777
17.805599217860966
17.082287299839603
14.771627350121461
12.321389226601157
17.120363748186087
21.90984102614338
29.62848802132989
16.62047424489663
19.264976601043728
23.218886057693275
40.2773431250732
8.217134760603859
12.88252156972655
14.710864690872448
23.666784482028085
23.150196121584745
16.395789360873994
17.47871611486037
12.970619469665769
20.45634621876082
22.624420228478503
28.422741944009555
14.62932013904242
12.855522166150346
16.687540135437064
10.526025472183292
19.220641745867475
14.895247174056836
17.190451641542165
18.53630811246134
19.75936796041714
14.19169762609834
23.03374730951939
26.017718247454475
17.185362000359042
17.879208241276135
15.325213535972113
13.907963263632778
11.704791258258389
8.707170989935232
10.575294583011427
11.507746578287643
14.154510843769135
16.390674982951726
12.250236404056729
33.09456876873073
21.514591215636333
15.697935735824387
14.127927305877083
15.896842636023573
22.78357511109254
14.157412935982014
13.74038449194828
19.569644351713308
41.07649042951045
14.435934504252677
11.17372031930988
12.511221622778132
37.9300360538696
17.021318938569845
19.90512332698008
31.962685944476014
17.533292516672486
22.448418793873962
29.93974835047293
18.078691694281673
21.163921112528094
15.19599789530572
11.751928365697939
12.772892990215297
17.235965911405184
18.57212737011224
13.537783089687101
11.895764079537285
18.095869733104404
15.016497824982261
17.487270795878818
17.160828068682736
14.396719395817678
13.422904021146179
27.14251357361702
12.738781852001075
18.510707498816664
27.875376891587116
14.269926904503768
33.93728736113959
11.86233271446585
10.367713518050481
17.267637573640084
15.16605192909448
20.089695159820568
22.021245150229902
18.523087540954947
14.7463518094074
15.09002711784448
18.884062947435368
32.14542864621335
41.524215845631474
15.204659438061679
40.581472184114844
13.40316852541664
12.084029358519222
18.902046527876827
18.024570233574313
12.12783949819893
16.75380581621709
14.099224646288587
20.29354528644869
11.735269370501646
20.087838196954454
21.757761400833406
15.380382564215807
14.222398248717656
12.934381697160969
16.12077749130942
15.462112353946875
13.341234913328513
24.865799986328742
20.42000457206041
13.32335544611698
9.38441011013708
27.352625364626956
11.940910024015116
28.37013496340374
19.175503002609208
15.287470732020028
13.654509978021505
11.813297519225184
16.847163731759416
21.116690734284557
20.534396362621283
22.8525343627087
15.53935541767359
16.018946577591375
12.057935372961953
20.96450054747123
15.11959052182856
18.095808970182347
27.85509997813596
14.925109728380196
21.229940429514908
33.071509295584406
18.824925985254147
11.926421306104064
21.516874713012463
13.435137170039907
38.04488146459743
20.116252267444604
19.675977747847018
13.52787371894781
23.608038373568412
18.256089495566183
18.76071559743902
17.454407237489526
13.688979105712889
10.406773818328999
26.887544717666906
15.797428313639209
14.159907342831916
17.29415882454815
19.50355885291505
38.82349745995183
13.570141860468864
19.23547704013424
20.646821478762163
15.134383735001842
10.997393130108124
13.163604114279574
13.89907157627739
11.744011855990678
24.511351023592734
18.9319648970447
15.045552831131115
15.509956296173609
16.295724359329608
16.08637330909826
26.71247061489909
27.027288361127795
13.99186500775389
37.16229705916548
19.713693576666884
35.9718101891647
25.86890423354727
22.37015436957512
14.31245216078265
22.736382228723166
20.879491091828395
29.560398939485605
23.479072185475534
14.872084328132933
10.442817912097736
20.56575248688083
12.644057996305229
14.22328324753514
10.396025280255442
11.590311167841397
15.981208643803324
11.440868389625091
16.498022984432577
15.300898746329944
13.233653330062259
16.41252875842584
11.483264728474822
13.354938716897642
11.454532567136894
18.725832014109205
21.296195012976238
17.676209057369878
15.582194598012991
10.94641888674676
15.023295135512424
14.622625965057443
29.046716226539893
28.182935732231616
21.80984471748875
18.2855338819028
15.352781537645296
24.930158133667078
17.611416331525533
13.953057216642803
15.204503353894035
22.04030135235248
18.359079649000886
36.406811652856824
21.942300336730913
36.48030852355833
13.431376473885964
17.706054208748682
11.449334789792786
20.776030851222476
10.763132378016047
19.878712669914606
21.11314134498665
14.885791376412906
19.789133017848652
17.128954123211066
13.195822561380403
18.866045393145907
29.50463143953274
10.217239110396319
15.626961471254715
15.17922289136213
15.756330753155138
16.24956128880199
16.026321327927636
24.93663975127764
15.473018732350258
20.9492045848697
13.430466111317967
13.688989276007554
31.493982590086823
16.39785249816425
10.218442516136479
20.75841458170189
24.20031205311687
12.154383106735713
13.361914720192337
15.863130741229648
17.48572556754146
12.786756040929662
37.08796127604789
16.028930066130243
12.691652545817135
14.459344548469325
53.95442163438618
16.041854753559445
14.11403057642941
15.700698949874678
12.861224271985218
13.69894289637854
12.797842337354897
10.335029385456641
23.85052580785475
20.53372135465932
13.657713111078658
10.230591640463317
14.740651751598575
13.688003911633388
15.190793168856196
14.30395021897307
14.364167977281191
15.780270906824216
16.26785192130818
16.59065486946973
15.943121974058538
21.585469091316842
23.558856214160365
22.08157487085729
19.34261465789629
22.27060934962864
17.496509087360824
23.573002404232927
22.841510025791912
12.111991287342624
16.488032812910955
