cycle_time
17.329475909413137
31.00643162309055
24.802008360636357
23.507830867684262
22.479039660038275
27.86595216975719
53.204208314354744
108.27166083016759
34.38436075222778
33.78593298170559
13.561324120921626
16.915432320305364
54.379834592313
17.146950533657098
12.199053633036378
18.72819579645592
30.69557555218991
22.442664806923688
25.270703441904537
35.44159090585221
18.269004333470253
28.92927637856384
15.61276662334001
40.82288709879391
38.33642142540502
25.77811033036641
55.922148115969115
18.246841377345568
23.71342879059499
13.742507344904189
30.952374028694116
22.589585644884803
26.77584005287643
22.486192731387025
25.71246722939351
19.765045853805265
15.10640946540867
17.49668806595969
14.161297376115247
23.340093942445876
15.30113455891847
49.91743471786273
52.267388066783305
23.923140449765363
99.28012313553596
42.87929069005919
47.12960726892764
46.68517726574731
22.01456203698827
34.04728046536071
24.579202472771588
19.804443833407074
15.231558650170323
14.684926722007308
24.402477397634335
54.28949271953865
29.71383008467355
21.817098384551617
20.565382709590196
33.98622461138055
16.22230402065962
27.194149357693625
14.57824486737783
40.070699565940565
43.09869387142624
46.99081723294306
21.28376685196021
20.201914178767534
76.06102736392614
34.447020843211796
22.67695246601692
22.42447390993041
21.795803983398756
17.689501125858254
14.222511209614247
13.229373458756083
33.112547332723196
26.543467872755834
55.367534885206716
96.66675443012183
30.753162154509795
21.70795871830361
25.695047677084144
34.53501334797254
14.82105697715814
12.475911048725182
37.54697092138411
15.388296226965695
30.458224432356346
35.71203522562041
20.108831864963644
20.023865062961615
27.992520666575697
27.593354603539055
28.355458190611415
24.77805253828338
18.011356520596596
24.511574179569216
33.96491245093481
10.660347581228578
32.87773911842594
23.158974104472954
14.863694175280635
20.983295790513033
16.855605629377656
45.79094509828646
21.61424564249277
47.304392701750935
21.324955737138
24.909859611491637
19.91462709952543
27.15879489629963
31.348151371589775
17.123789091796873
80.43929394540143
24.357981526929965
33.962266311172435
21.419863387284586
46.0545618581361
26.69093118281898
53.88611055669607
34.20749632072954
12.948436436498206
22.461962151049928
21.516956728627918
17.844449549317194
18.65453703797653
13.319295974859575
13.42184207706171
35.21734893208646
21.39235632893594
18.45986241540443
20.818461980342757
18.758817566041312
21.99068319684366
38.95575739628367
40.80939466390156
34.49644161401681
25.69724800943068
30.15661381821171
33.618161487910015
16.120609019305913
13.413745773385614
14.67750438167583
65.09863902789108
17.83539540160342
36.42973533276371
16.250737204031925
38.48873522711688
34.403212854069174
28.260831341542527
28.369153365091773
42.02263729677991
68.12008185998103
33.28615514810944
23.458977624151185
13.733402245633753
69.67874562335622
26.791281354259063
22.327460264695805
16.281055570640877
17.196882232275346
30.901569975795333
26.882063229105892
19.111550138195064
17.27629150028288
11.619704223552246
25.790235325483884
23.315771432093964
26.813401079434453
13.268137841732228
23.083330083155914
40.204755588439795
49.64928248486098
16.616902009512422
21.431868008794268
14.078868072326085
64.88822557919734
40.64616638314881
48.17101377953286
16.497742238002814
33.64010060340846
18.240312720912414
23.044887633445274
62.14929569355839
64.33103037187283
18.70240672887913
17.045306077836752
21.30525771313635
51.66153798297732
84.99091948907093
14.732317922813328
21.890337616844857
14.420206646819867
20.350507634676134
63.695567757497294
22.63659808417135
30.16158995543894
15.391618149217921
16.36100399657704
17.11303182646459
37.07016344677663
17.844899537858666
22.153887644825446
50.96342878725241
48.71701130079216
17.76378164547524
16.17418989500327
27.62066024707642
37.38733970502685
33.05931700964474
26.7888470405715
19.819205903184297
25.431665954479293
73.58052136145014
13.26269669585123
17.77654980898062
19.405647598128066
14.648061227594646
24.61849527452826
19.638888442700853
23.633278436885224
23.32869362752694
26.36984121968575
50.646493584243615
41.40666665037184
19.867259899512735
30.962606433056607
21.417406243698014
23.319576792640284
20.356344990071502
26.466088365067584
45.13097902887363
30.178975246465562
77.68600999546778
20.28127664448937
25.551526200156356
16.11230358884263
59.88302742978451
50.93559312687149
23.459098209840807
21.258394129295212
88.16331558575277
25.557336545118826
26.6700248070071
12.978945430758799
47.53483728772732
31.912248078082456
16.57654819273468
27.365273316340446
46.66566424156085
9.775425622325704
30.522047298391808
19.34990192026643
16.19415760293809
11.434730105234033
45.03530837483352
26.644800374725776
17.333990412093367
15.314857901579405
20.206260452522383
24.1002608980636
22.854565241808782
16.461954896761696
24.311302638298915
26.765996870563395
26.67207016926426
24.129155772614983
22.675563437546334
22.87423948364025
23.45453701047012
33.83494031163007
14.003374858879468
26.11866028915261
21.600088955425935
67.36812641784626
81.29763423941299
29.586020611785962
23.775120823723864
16.32065154234684
31.248881836997782
31.325572823090074
44.33716994518027
29.373358042748944
74.20463337005103
19.957483993830323
14.871726884240493
23.117865672795123
30.83178882460221
35.21429752841286
37.91705468658225
21.221464577769847
24.1377225933802
18.58091696637668
28.56298456927823
22.237619447683212
65.00133962483595
31.811318874591294
20.805608531082743
10.85050708913461
