cycle_time
14.714469677518016
24.951258509723754
23.523457438753493
16.539052608653844
15.851921096793113
9.77124378856594
15.679036133562523
19.42178128280863
38.800528246273416
18.79551637386846
23.025324559770013
23.045783963228196
19.237116455148072
20.593135663570486
13.818449915839949
13.792638280673838
15.76612591028136
22.22523511422756
14.344515719263066
16.520201983533816
12.160534928884804
24.463688943940614
21.58252282199207
19.35689747325727
26.678207070499795
18.15966615426897
21.49379948339173
24.704466528042808
15.190349033948523
16.51579025226489
22.42218606448104
19.876828658634484
16.627324747875733
35.26861352647036
22.513154353858205
20.367262679606497
22.605941754789615
46.05245771436531
21.26166633054616
18.893654034980553
13.253402141028298
20.07520298920166
35.21402582160972
55.230330285453164
18.043625042403807
14.91674856895464
17.772902741928085
19.71400886777216
14.301702674810906
21.787533092469154
13.632636339018418
24.832288764524733
29.115577243548632
18.591076394111912
31.15375707340159
27.747110771796443
35.755962818500905
36.18025440447733
17.208418137665078
11.595331103188514
20.454137305290214
21.27303986590841
20.35188087064015
32.55069542460827
15.316993786250244
15.935583350220561
28.916190046047475
12.560058382397667
30.497300437116404
12.975118263239063
28.125480626420547
30.17054887892128
28.300531049228585
11.164994921277549
31.54166988170779
16.98213521855401
26.123091487292797
15.294032213296125
22.654189730964227
24.997205971933045
15.906471611020514
11.422598850271202
25.87234080072766
24.2488858003083
24.44113570800395
15.55108884693548
14.56772316507165
27.135307717970054
46.855442722124415
36.061410117002374
15.017406487357373
15.64468803206985
18.957269679703064
12.842063306241704
12.73020510030247
9.466152385669648
17.368714099223915
30.319211975021286
41.07417602992622
20.86069389608316
11.350002963083327
34.9732580985863
20.090642675155564
20.013209032267376
28.567595687054375
16.16489069849338
32.49854489047488
36.7899856609186
16.05528317895497
18.242985250775867
49.535981177633076
37.08178846870887
12.966232877608125
19.16522580656979
14.33899789546308
14.16410970936294
18.4831486498215
18.485696631961837
21.213848427625003
19.039538274207686
11.585758352365731
20.205037544694434
17.068818632989355
14.83566851982434
15.193511531862098
13.495598724466545
31.80557891633013
22.38488377762829
58.90826235528313
23.04365594738201
15.578455564248612
13.771765247738642
13.373803482510064
94.93932592819137
21.10941199279574
15.403381445016745
44.107018292320525
12.640309260018666
25.235276300268023
12.407708231218429
26.21663899170928
13.85593079570791
15.01478595784488
26.151489801480462
13.579582148452428
35.85232681414768
9.79438470518897
15.78829154498678
24.18372795606101
23.859058560263474
20.028680478767367
39.764123537554006
32.93993838907284
25.053924768815783
14.761627455782936
21.1249682123524
15.69054183361476
21.415400401918017
17.399806597346203
13.562068741944056
18.02537124655367
15.799358029379519
14.326405020070169
20.657038358700405
55.85190705902845
13.19177355168915
37.00168543008195
26.647092900044033
24.815330181826717
16.388111757807863
11.309413221543867
16.95740119415468
16.39577824136305
19.303135724905157
27.574122628098415
26.285684605696577
26.402328844031658
24.870523176242997
20.186427382236428
27.182112175027882
28.144698586958288
22.76400679639883
25.05640896622628
49.5674803048805
11.19247969125833
61.83704999245247
21.704411799669554
29.812900839839294
21.963969376672317
17.43577340296399
22.577477789092192
63.735523891863394
31.91616551883172
16.867551904069508
18.724015017038067
13.438125512432459
21.421515211165435
20.673923807816692
17.885711284623163
13.589411816807539
28.710002836383325
16.715234967322015
12.903622756010385
20.208149496132474
12.693900806435938
27.614851197309385
23.288195445476127
24.37867422538764
39.27822845979541
14.892874492821925
13.130205755538015
35.69833644688472
12.665229233573918
22.894684482930387
58.843636732769355
17.057311159097374
14.388755048659075
10.899687017236351
28.895305286099127
12.965758655521837
14.351991358179593
16.00206722230963
23.304306519686143
18.543387761543524
11.154231471657427
10.687436907614206
27.935192183414976
10.625871953864072
29.73978618118712
20.006789332418624
30.680015276701056
22.428874409379606
15.686510924460308
18.781615661240075
18.868492360170666
70.81107474963807
28.258800664739432
28.036674591842935
14.184956946850429
28.46038667451183
34.286624594523005
26.518996475106768
11.977425171132989
25.17664590049876
15.056933921669293
16.684851068597993
36.590176871861935
18.232113439247417
20.55047393092653
17.910973521750126
35.06486256358128
18.519073018244704
17.586087099603258
12.758424696558848
21.650529962914838
20.826756099520196
34.58312093950577
20.236389845383943
21.530274976166144
21.99419611293702
13.553659355388715
43.07411624387166
21.444746330050144
22.46200997591522
12.356922501206471
15.36607130638982
56.41682165664332
20.483761058158713
27.646287335434387
19.668332370082155
18.89320347181854
52.19095909169617
14.805347759172351
19.832272472270386
24.394824814819827
20.339544758314865
14.047427141735993
27.48895146349953
31.733048244583507
16.75230765426014
16.681627665035272
36.903565052553915
16.694368981230134
28.78698776650063
12.535562047186419
25.42621479487627
15.153330773942146
19.926282022350765
11.701848322207594
19.22546660603061
24.115220819172592
16.166755575737124
47.74605316188923
28.35594665981677
31.73904586364835
17.331870503289114
13.40975389354305
10.576706803870987
17.388032287415136
18.429562622936857
