cycle_time
31.805080105204343
20.657155034652963
13.204115251745241
23.915952777693754
18.11114163639504
12.907836860924437
19.229413299261772
16.40094072043398
11.77603243236425
14.629306738106987
14.290529705812299
15.640346628928281
15.642101282186696
12.906683118294664
29.65799935060715
12.104815308352535
18.465745396958855
13.21816581840744
23.67667747097319
19.507156385936106
25.28922963965092
16.345188631782804
22.37312538845148
12.82424185252248
17.750014903021402
19.851456846367917
16.044921859339617
20.381798747307776
14.12627905214527
23.439093535280172
23.543871536692734
12.697052198173889
14.267271820516283
14.279052819239347
13.352171733877285
15.759575364100492
12.862599438457762
12.387754409726472
11.60404068751357
11.071346715937645
25.322765902797293
9.957922976491094
14.078214615279768
12.23967736933779
14.984116718716312
15.919739384905826
12.738503487640488
19.846277727691056
17.019927153858035
10.390449779032558
18.761869780874655
22.43608425174383
22.143509385416237
19.532056940977732
16.371030841800266
17.746027193630617
14.88558385044443
15.92648728714559
16.47144102998807
12.803731375695694
15.48389825697353
13.206071224669744
21.085028620040525
11.975159235036122
11.040214023043436
10.775966171415092
10.716204262155443
23.491313152086214
13.837224042508002
14.318760813384683
19.514525653074713
14.275471710319035
25.04434142912714
15.745368918208259
18.59962139907836
23.34675426525092
26.262060940187435
9.94916155333159
11.209476477359335
18.161715009726958
21.67745914013172
16.117055652449615
12.387008236151233
20.890063532978193
11.263280907221185
12.876455712122677
11.56378434105545
21.244473074579382
12.367733630523707
15.328448440676677
21.3449540397389
50.60941427377563
17.7275239618692
65.68561377898125
15.628398170435416
15.4678609696024
12.20342433208633
12.486286692663061
16.965236285020698
17.40368724936935
16.133918514053136
19.435011538145133
13.970356903578262
12.325588097794961
15.584644049834452
18.355102912824808
17.19016290678073
16.168989768383884
18.32285465755727
18.75423875565381
12.607244746787876
16.20170170003943
20.22160931292817
14.866441073615892
17.545572669028864
15.860424903416849
20.88762582148077
13.057147037482725
15.694770204009814
18.939357862516186
21.00853459038893
14.242733335163033
14.840672416604825
38.14706707824049
16.169525629802052
17.210988176668803
21.626983486819935
15.57891550893538
14.448975713577445
34.47774278534966
19.910500909823273
15.371557562706837
16.04079066214383
17.066623024125374
12.657248226344288
19.630517835146456
21.531681569778396
38.94900487263471
9.485398204875484
13.845693820127615
23.050828660656315
16.89660075288364
16.603113290704115
36.41200231355335
29.31403669334262
16.488598444297192
15.619444469640628
26.406665493750218
24.347446883643865
19.777313362067463
12.481315672162108
13.567554271706431
18.232525264365275
10.834144609840774
33.68029881258162
20.403777369593065
18.100940272348275
27.738430009077113
21.875082651123552
19.4221754397132
19.558643098888215
19.44606908376169
13.483427680599206
16.18478183266747
10.925463316890585
15.435644972641297
11.06415043412652
16.99347226270992
17.568607703329427
13.914492037287834
10.963612790780799
25.207454689616764
12.480504754144468
13.920241598062214
15.206657313526545
13.64460380655444
17.436951812646964
16.05351292240047
15.354880374428758
14.967531190588616
13.260840823315593
12.896945645028469
20.08227163679553
15.122297581135959
18.06236442205877
12.883440577828383
40.452388116937655
38.63299145099763
26.049479988999757
23.11486811082516
16.389683386591486
16.321625516118875
27.01944550357804
30.509713290934283
11.371798973571106
18.275062005466562
13.929341200601895
18.624066636264907
25.517593447327872
19.41332213487662
23.353099704403995
12.327418819660261
19.764039779716853
27.918387850672012
11.908923472177898
19.55759704922063
16.117318317928092
19.83339655920374
47.85455283057803
20.285619315391934
12.23950200322115
15.804180246368311
16.995135493773564
11.2391385972158
13.664588900498993
23.065780082890363
17.648333087926837
10.424921981332956
18.89187405188513
19.052995218520678
25.499439186614516
15.860666492216012
13.558795948615403
27.34532962927769
15.609912006033811
14.201868811357661
18.479227976765035
16.610594852261823
17.373362081047688
24.419062695455906
10.341105947860813
20.930513541440785
14.757881495485535
15.872138919170688
15.057031226961199
14.565783817893642
12.539059719173816
12.441749948918291
22.39848741845066
19.800203204676613
14.821706438080218
14.06365831720872
15.110288955000525
19.068569597633815
14.321910397976131
13.178595262552511
11.562017959776812
14.14313468058269
32.41647707049063
17.557899215312567
12.46776503409201
12.245079151044902
19.107187577466878
44.23697631344276
14.088629364203072
14.7915524387659
37.12289875444742
17.527129068908582
15.029896115492361
23.890114486574372
10.925219664113632
22.774570685802193
21.125925995875864
36.32414208948905
12.014662367206173
14.977984202783453
17.91184706711122
17.88071404819246
36.85001418530318
14.809111018594631
16.607021359054922
13.362379029444343
15.610836189127127
52.89261130173301
21.46859919189042
22.769919373959045
15.796592867422985
26.73847375724972
20.360563494979022
16.320931310095546
20.13564466572021
18.94447257385992
14.346150959305048
15.022364696724932
10.184301998694323
15.67782762012888
12.358960975587081
21.313967883663118
14.591945127628948
24.04671481689248
15.409783390501133
30.949143223852307
13.6238317144311
14.785006474687373
38.2024593309328
20.761544225682176
15.737732879002145
30.748917379282293
23.11757279009146
21.286071279140234
