cycle_time
10.712950197985485
10.50293431790035
10.525231374628904
8.433624363745075
14.728472424874283
8.340977595685208
8.450873443783303
8.301016572492454
14.66092172001657
7.860117805599006
9.877899652027214
8.460317305912902
7.779011519851397
10.123665705625289
11.374681964663692
9.152454182557719
11.706472199838737
8.666350355349767
10.91377716387303
8.597618400345713
11.769183950210694
13.197507936507627
13.005211996488585
10.152392822676358
9.659578713506669
12.432306955040533
14.800624862967005
11.361193615543721
9.932693003935587
10.935212971366331
13.589055871491912
10.802487983494192
7.630412362774347
8.41829380585457
12.590647622251566
11.065824281477944
14.915798718953436
10.323824351413565
12.656705629944515
7.866456918477575
12.730057694298502
11.019076922975994
12.084055129207254
11.65413359383173
11.083238822152992
9.010050786730952
10.031939071602158
7.799291180953918
6.6985954225230095
9.68795035344677
10.537823002515768
17.637646413780093
9.842891457242576
16.751180447246746
8.35771385111054
24.041861220080495
6.701011209654902
11.584232730109173
10.733617901210518
11.717223520078871
11.863522898939992
10.058347499199154
12.367549991145433
11.358626696696362
16.21524996304812
8.042482879778257
7.856650047887264
7.642986652950201
14.371975800315507
8.213107261635239
14.150453165884429
9.622231412792162
12.982863671113183
13.496852745442292
8.758886129865356
9.787261918345827
10.235513639779874
12.637233409683546
12.212667056096585
17.636025935985977
15.476491441581373
8.879894526319491
10.151779994482366
10.720780103902552
12.038538333259549
12.011326695578743
14.932333166660154
12.416093246083316
15.038546179441248
10.516904908640251
12.83699448614424
11.116718393196512
13.519995486503205
10.055282147371765
14.129126280376981
8.321577477330333
10.423928268527755
11.981034190714517
11.181491605982174
8.268382435538273
12.244141614734419
10.83076070678861
17.62503619454091
22.123324523003305
10.787728269459887
9.896993613198923
11.971675685159452
10.128931291199983
8.304424185282489
8.85542251655554
9.038147454590048
10.38431757459163
9.24398456700429
6.618657233530701
10.176797146443828
11.956354130517637
10.866194399207712
8.544138636934735
14.515378779473446
7.845270157241791
14.065243246966565
8.524531010966948
6.78376300006171
9.955093488969135
13.76146259358908
11.880513803850883
11.868208953484155
13.289402438585574
8.59862222328138
8.359255283778879
8.63420542675001
12.125737133500577
9.602460147553552
10.105711378591174
10.524677483219604
14.174893056497218
11.737378230522308
10.625354915037068
8.589035610557778
9.78516988779116
9.49758981820688
10.767147852146232
18.841862140350795
15.293769430936237
9.990620914002145
11.336253002343295
7.931139124291652
11.09158290181479
14.51297327230481
8.775775953038536
13.541175156426812
13.428441925127053
19.00278520025529
15.817815595456596
9.618135649266305
7.095652350476131
9.399640906308987
12.25739192975082
10.00260465848267
8.741400450071463
8.543592488746466
21.972619191045712
24.622476613886192
8.501025459642305
11.277440584941475
11.266069733608349
11.815625654637426
11.330404309922047
14.28358829109102
11.961174976985797
7.86600049423077
8.748656278130134
9.964230082950072
6.8521718097181745
10.329596310879014
7.770003135336141
11.522828045033169
17.951690142605308
13.12252526512707
12.084584968710665
10.085919776876487
10.578943454974429
11.21857243749224
7.532681403721737
11.30764077567636
13.571267081183118
12.855361607248378
16.357168747059113
8.458841297061316
8.181461919855213
10.818734549532069
11.49431768129309
10.585429036753013
14.397341341379452
10.098983027993519
12.404051925777244
10.483649869893078
8.38119586644684
14.209011196007328
9.617623524475132
10.125354414728783
11.302912239532391
10.0452005843107
11.906726308204306
10.574315145374145
14.438362491393224
11.878445872778759
19.005757779911942
8.515542005433034
15.388950965405305
38.16341459626071
12.04804971458345
14.779979093823123
11.84043543557021
12.442397547708918
8.99484350501744
8.571565145484435
19.435722927816393
10.049123789925982
8.814497875403326
10.653329149527993
13.822976149202761
9.450899801604786
9.845992521488881
10.784967052334801
9.945047371252498
9.583765766994206
15.287766152036292
9.736298344953545
9.849977846902224
8.276461333630776
9.547714037486209
12.067644334013337
11.384327352115086
9.275904997410763
8.785199119353502
11.732567159794973
13.214037290574563
10.163497960002035
13.596013699407083
8.566937000568235
12.732799738886774
9.386411870269002
12.52983984111615
13.955405533404099
13.678928411857346
8.148194242173608
14.606364682387843
9.353169127532468
16.30692273530788
16.59450737709945
9.274975874144404
10.3838884553774
10.53207887134562
8.202635130910297
8.452734734483963
11.342807037650289
11.867983203369768
7.6473938183403884
8.355299410342152
9.30001744381154
9.01840965582639
9.562842046648944
7.857674525294085
8.951139160451591
14.448512042990023
9.074578472404989
7.256774301196315
9.506000419966265
10.135435247186981
11.938283540484255
10.27119652097811
10.723865900314848
14.602809651917555
8.82960000112276
14.001355695309302
13.559524254173647
15.551052179032098
12.768051977904557
8.085270688668027
10.130167989459924
8.022923179658074
14.126165954722495
16.244118347160704
9.241950494915269
9.053975138991882
10.123373562067329
7.998130323546256
7.303238362006791
19.922829908198718
9.245365794213775
9.723738384114714
9.189539243708895
13.68864568157347
12.58520249486196
12.004797453728568
14.15560527984312
11.7644236704532
8.076723109874507
9.748452481865614
