cycle_time
15.012507147353512
22.08081678949205
24.915042888527744
10.785015500478233
13.216456895165807
13.030359477021111
11.453716540859906
18.48322391587261
11.612717495877106
11.176433688078285
17.008965201954588
16.692716956176614
14.152184304468957
15.2583004228901
11.649289597122994
11.068703580036248
27.976980846325116
31.61642788152136
11.12165074513929
13.293475642612615
18.766123205309214
7.855890736182203
23.61988173489663
24.851002987694592
30.378288514438697
10.758202475832025
9.92040508632884
13.448032720255869
11.858405288890554
12.821528459538214
12.88851000947237
22.01310333650309
16.417380623325375
14.827172421023823
18.987716951702456
12.777003779505746
18.068038992830548
11.407813620142472
12.673360372834056
11.334974472974851
12.383269816861713
12.093863858599201
17.053674154734882
25.300538192440776
20.104136995090794
10.213151630918572
16.166413285068103
12.174351473195149
24.673686838083384
11.72354956574536
30.09268171891977
12.382776205527076
14.998324425548745
11.074065740805693
12.16470583952471
25.9140820877283
24.263043444447565
12.86987830419455
11.931053608937185
9.794201496783064
15.14387983000324
12.491986285347268
11.952843633376055
12.221382038603156
9.934884751101318
17.070868584928295
15.319438628848932
12.325119408843554
10.666463602499004
15.345074034560355
11.852032641981749
11.697531251385769
14.59439949866816
11.388340757307933
23.88362847760915
11.41060562781849
20.269388853170433
11.878410058438025
12.287108177927246
18.17138179230145
13.578906122170785
10.115342306103834
14.36430500265146
15.33917278133207
14.472570657566687
9.060227355435929
18.473056948578172
9.882359973085311
14.975555591697956
17.13604921743932
10.037231157710133
11.686863616215732
12.185984302557584
10.244696616077846
10.081855761381801
22.00816738822897
12.53296184108957
9.294220342294533
30.449462332780993
12.158500621356568
10.713127266560724
13.29892332957185
10.821438507103363
9.665090439649447
14.533778040215834
20.44772756724874
8.921150588831388
11.53403992922636
12.870553033413923
10.565782032089507
15.266426812598265
21.17143999990665
12.26675720393993
15.884680194854921
26.34612729510201
12.639480756992596
8.160881891276714
22.42826462833287
17.16438061488743
18.210667427957475
11.400676769487974
9.406698008652072
9.686015795389062
12.364344905474692
19.23601842535809
16.224315426424088
13.093430002266308
11.693074420357949
15.04217899091295
10.7693409181612
17.36028803693275
11.019130007328345
13.29436949932036
10.96819643226956
11.625747206871095
24.51200604527967
40.19087580819128
14.723720349796247
11.614437696543737
13.167871606735174
15.36670282306909
14.812292784748305
13.317269457658204
10.077075885704316
13.503366442478928
20.179300140529826
12.786625960040634
10.686391810500165
17.852702289533603
16.764654160972153
11.34819475199124
18.72392244162581
14.35135626646413
34.29817874861791
10.789354560679445
12.18237005062783
17.530931871458254
11.694999607750198
16.605922816176232
10.652116792637594
9.909527447886672
10.859847191883278
10.079116336512795
10.906685660647492
13.495156321271319
15.575142240016639
10.610534817244204
16.2911146693111
31.991942513501794
10.707993782999333
15.83991281179381
14.3577896670081
9.912503158715118
12.202490886494822
10.448279136910976
13.846735635332402
16.42287081355455
17.345238020565596
14.974603544529586
13.243799256138264
12.0582920092069
13.484298223893175
16.256210568246026
16.539875520622942
11.603571324749998
14.8745077044879
9.712665589271973
12.434702128526165
8.942350179694042
16.08441917418724
9.667932789412339
27.716803728813694
14.728257533564777
14.51101343400551
20.841181874988262
19.222108532974687
9.194100611063595
11.55330367420872
11.12077121065313
11.754294117881239
14.486495607280078
11.030965348595979
10.007414359400222
11.61179163127319
13.18059152384298
23.821481880137448
11.77294799958521
14.677693007948134
17.13523892759495
18.32124221908868
28.141679582763757
10.431145872943755
10.913436717317591
16.692531746473062
11.785069926224832
30.421658591712717
12.638558059314665
10.86298119885759
19.009595598923482
22.794845975731757
14.57836144941712
11.066442432075714
11.998610514712166
11.378918211066598
15.319579886543814
10.432042118758504
10.677403511427588
9.747235198928232
13.36677671055381
14.997458753447038
14.706677106783305
11.095711444016235
34.854091733550824
16.393690280728435
13.43616442504974
11.27690801144266
13.753254522697516
9.600957757900778
17.686389475825123
16.874074733893185
16.247532842877884
12.654840298775465
17.995885524604752
12.19068755488504
12.949592799850135
11.555075884792393
15.570929988794937
16.69359346372842
13.86700387781195
9.996761940005706
8.323248066026311
13.779209733521693
13.314284102905544
13.513937397824908
14.643588017806929
10.739856222613549
16.648232503564998
17.83753243914876
14.105789606956373
17.072815645319263
8.619548006775847
20.238065768227923
10.647300779685722
10.987804727855057
14.553183873067884
9.613632709537212
9.287264795720938
10.687614478828921
11.587454622344797
11.53320615550981
17.662519808709398
11.760803750696763
17.697167028440308
12.330292617137593
16.66243141532855
13.979088473295427
13.067698516664034
14.694503585531713
14.751380751406023
22.914331924970387
16.674043772432373
11.478169513470085
20.979104831633208
10.02354474820558
16.83593458974011
14.313925966962136
15.158770895286716
13.39760205972181
11.722570384232382
12.932821758706725
10.786932077408395
11.195628976680327
10.093227324946639
10.065219778248899
11.373415605755362
11.199350529009463
12.071690428916732
17.621787062321708
15.451407700553233
15.026894135345307
