cycle_time
7.5748485565474715
7.758364590096553
7.812210384089124
8.486094497942789
7.773885057974409
17.225681582216524
7.942782800167552
7.724310584970698
7.282376741727781
10.10782532140322
7.446426625143762
8.308286615805992
6.812415578073528
8.374508239350714
16.924881497088183
8.819916892662961
9.51848100758166
8.843158165737428
8.632247994491896
8.854933377716343
6.404393347704638
8.797532565412116
7.432468363478515
6.89267556513412
7.568866255468502
10.568829528558357
7.061511085494608
9.107304264903584
9.020881565581195
8.285775717839057
11.610361328876891
7.643010811901629
11.821665056930957
8.284503425732922
9.76025938893333
8.741152061050501
12.82313374536485
7.969022089366893
10.416906134874104
12.727878565515153
10.685553715979973
9.279137129779187
11.255516557089035
8.869779935454524
15.718128487506414
11.313928366303779
12.021865187670404
14.579049333263677
8.483605946440749
7.153915116535708
6.949446005580257
7.9213301267691145
12.07417130594763
9.37870543906238
7.722813922746003
9.47624319447974
10.687093461423878
8.698125497065941
8.688107046420571
9.022403171424337
13.095321256639084
9.344428098997533
8.832466982932356
7.666607587613598
6.293119843628466
8.352955225701235
7.182097058163476
9.79201402451297
7.535264516868904
17.10242194091234
6.855515342840983
10.790131568326125
9.19975698320137
11.359248487210063
8.43635683488929
8.205501548987126
19.219314327604092
8.986572390737317
6.978675199052423
6.644038796105347
8.634158996525457
8.867938732693625
11.720147916307345
9.934039300384265
7.862645211392286
7.973967495557208
13.83325258743451
9.687344648207713
8.313573067540931
7.669818390054706
9.072519219630493
11.845421292652876
9.615766487674689
8.559333524759843
8.391955306914845
12.463892149277124
8.764567258362248
9.275190981562437
9.246395651656911
6.241673158014081
8.204229085387244
7.103632973378521
11.41975068123754
9.214058858241883
12.15719295061159
9.236347060956188
9.978823924613527
8.84482688717626
10.415594870099309
9.259059926616551
10.733421158078425
13.471742398595248
12.598554972889394
7.1297400363982835
11.76718257131456
7.20183787739052
9.288406512209873
6.5543132346898
12.863991563075496
10.45009624597875
9.890123460564954
11.241188977910236
12.705728665804186
8.275354443990583
7.7936617260830605
8.98009589160484
9.054905771270459
8.107408657686024
7.0852201544866995
9.745817147304338
7.538714268252691
9.239973021358828
8.030008299415075
8.812441721459074
10.694584556526362
9.70391005162454
8.955468370050335
11.621098375743307
11.244573844780042
8.777420870784441
8.227951323985302
7.067305065801522
12.216283668219242
8.156521931572414
8.126124937493184
8.587081122013096
8.574415164427382
8.975882764046547
24.401638727246976
12.19002682186624
8.263367079119028
9.159152688577786
6.850887165865384
10.305032988640743
16.66685465925629
6.966159056468516
7.404123289641417
12.200460858314676
8.761129446507478
7.756158659276806
7.636388404374912
7.828065590394184
12.295254663661165
10.000001982184477
13.915526040947919
15.17767023772709
11.444641190674119
6.766964872947888
9.984621452805385
9.105217656753595
9.346679609057738
7.513680445786496
7.4419669279518486
8.342297885343651
12.709264412318879
11.627387428457103
10.224112013564268
6.339133510096086
7.536986919828399
9.580798247687005
13.002771062421498
17.042953472207017
9.793047485891003
7.714773969087429
14.385081445450416
7.1380173134901455
8.182117844458341
9.464184135987418
9.46722416752363
6.721083803799227
9.577843672649447
7.321493305207397
11.205843467762516
9.453359107681395
6.245672104359317
8.976776141700967
8.992750928679635
8.509974688675076
8.95617298225191
9.511306245431484
8.37124545401973
8.446974742118709
7.878659916498124
8.355638264762362
6.205373277485281
11.633313716869708
9.236997455439523
8.812879198394013
8.088004195432168
10.32522955993425
7.071422554779326
8.410632345882142
9.984707220028685
8.887767276468994
6.8802807963673205
8.283797043664903
14.282736196975463
6.921851853169635
7.783884155160924
8.560649691375176
9.119799685594893
8.004704290120356
10.667373535753658
7.622168022317407
8.917128136526031
8.096489213802341
10.794476627360032
13.494476987393785
8.634620171266274
8.63727094186096
8.93573811924746
8.767269603221829
10.796640113011696
10.60649131490625
8.015466902220286
8.063683640096839
8.623087600485439
9.255784126774087
8.436292601197167
9.058828288082697
14.624284260867848
8.336601348552247
12.150568973952126
8.236626287386509
9.321905083977605
7.00529053704701
9.597713124190177
7.490953852203291
11.24530071818727
10.375352437172419
9.979561100988866
26.44133953618679
11.151024985937985
11.14571810901541
6.191774293344808
12.850312351440492
7.868875666136001
10.464416793724048
9.689227871756877
7.941997391402235
8.312952222774078
7.138522362887303
12.400622141299662
8.556182026436996
10.139797801474153
7.375123710469636
9.150544126967588
10.655833613153693
9.183738442992935
13.452263745063867
9.186102786884275
10.294353756494058
9.06720451392608
10.082062588001893
7.850928654028894
7.725628583937772
9.318318116903825
8.051026147221325
14.641815153221229
8.66407221409711
8.196668087764227
8.538496662463203
8.340811301374815
7.808506546717715
9.410606257889013
14.733499864670785
8.015668023201814
12.417793298618834
9.145023166955031
14.686622414889426
9.422113942460145
11.32303974250156
8.592555232474156
11.842100021190614
7.4190104589838395
6.986420231943485
13.581859586805058
8.484914845972433
8.06257478253351
7.714012499934318
