cycle_time
12.026119336924458
21.483396854478066
8.59238131846772
12.265548257325925
15.26619794573189
28.67518354970535
12.380277331341082
14.260036332410865
25.364096169034624
11.355670054975468
13.991668920259707
15.887510861600376
15.88012865105336
12.40479662568914
16.308571714866886
15.548461160491245
13.158341568156803
11.888140385970251
16.510479958806982
11.316043432562697
18.836861132969762
21.974562756226064
15.37752907636637
10.682975497036798
12.012716986678939
21.25073997175543
17.748291541534492
10.576520387474192
12.37803171692321
20.365444147541744
11.758613145784482
18.20303528517929
17.793577810533723
9.576029795984397
13.159099588032133
22.611276926382438
14.328389460729808
13.579045439079861
14.495966928764798
10.284515342403994
11.2960206583065
28.170662265945168
10.133373433022077
20.140787421138306
9.980735589475152
16.102432976147366
13.089022836470852
11.32155676252615
11.752360766292151
28.36313024717369
13.471845751181887
13.2940253393408
11.650092754045701
14.268552409937234
24.63732399973015
17.698841515558005
12.396367440541384
10.224592028749734
11.553669672147452
14.389697970918641
15.221931791174606
13.763691052633646
16.138586736522356
13.256386592737435
12.648062501711808
12.253563634769241
12.55841019799188
10.128744343166987
12.095745233592407
9.379277828872814
37.32975066283822
16.741481962142927
11.84270335970073
15.328882636539062
10.095110784438848
12.335759957852037
12.243220607415772
29.463648427705966
16.589940895273603
15.143290982039359
11.82174935397042
15.055383829797284
12.56074293620588
17.496975695106656
11.303581711762481
20.133393299106533
21.205174365617832
15.143058636244676
26.687793941224097
13.731787465786685
8.509191565297973
12.883674958977576
12.474040589299392
17.320590500165054
11.022222926714118
16.753146312498735
10.610131735307137
9.446856429589053
17.51088668331052
9.6636899738737
27.586052685594236
11.488041597668351
8.461383346389063
9.672006643218262
18.06362302360696
22.640018377907918
14.082660725524764
13.346169431681554
10.122320851579955
12.246184078255117
10.14809911070769
14.26129097061676
10.965547543738358
12.383909377459064
11.787585862047214
18.970091609293924
11.458360644836155
15.599339202413418
18.64923834523261
12.419317966595608
18.41612235469175
12.362399122761355
18.813554133005756
15.54710873199664
28.997405822419136
9.936078729992367
22.052371025003982
11.97825391156565
20.899664464054904
13.770887962308725
12.295430264785233
11.90273368884765
13.993023949390402
10.574295344449567
15.769751012909325
13.987407640642477
13.309725858010196
10.088652778334513
10.720923140272781
13.642163485067483
12.24729239736586
16.936215840323378
14.49144537316128
12.279471272387093
13.902397894391815
9.166238053314858
24.227020692417174
28.159802526018805
18.78719864037107
9.138798763424733
12.785745130563846
16.03029756078947
15.515461459938754
10.341838466131584
15.69485449917788
12.649950066994716
11.24567935922714
10.978711434140662
20.470064413918895
13.820652984236192
10.586155017697235
10.965195655314556
24.702559093472004
21.54333956195302
27.97729745162828
8.930542273849676
14.118904853602269
11.118658220334154
8.636232290556107
9.272142942615805
10.349023636513534
18.891187338303684
16.562115237219718
11.380456896873879
26.854792075327794
11.382156029529657
7.4733949321170305
12.384451556314263
13.136465756015696
17.370969784793846
12.78157472950596
16.26878183131891
13.732334866740137
12.286701872539242
18.915607863349464
11.260131228905205
11.384927784093954
10.226050666698159
7.838972621964517
9.495999986143781
12.853197155737947
11.549382502048026
12.663432055336548
10.003054855607854
10.88027345590926
14.56089097359324
11.075768430965185
14.396324273469407
11.59201063812278
13.157995818375925
13.86468041685776
13.889914970368356
11.227102178745588
19.658901528341136
37.92272840527607
14.154277937345405
11.20359507960576
9.539809308961669
17.67063853108684
11.364687502616478
12.954225852529063
15.378217595404474
14.942641085955549
12.243896992556126
11.047130182605812
13.510539634557169
12.620578941887862
11.460503960529097
12.573169093447502
13.043848476998923
10.318988769740935
16.826943954631044
15.325065196755157
16.551709896661944
10.47212549027575
10.74189718095358
17.199125264273363
13.969302812216164
16.799265414568904
21.515571807488197
18.71028361455783
11.048166292545103
7.930315622853188
11.681555006075417
23.24512498337773
20.41119814413294
14.487268307849904
13.71239057454798
36.514881835040896
13.71222998366932
11.90131989033231
13.926687169657061
22.558287327785624
13.585811668169324
13.016651581826485
9.906278625096405
11.910563284179046
9.29613174359375
13.635337361867482
18.807786317063997
13.85117192433156
12.249834784838683
19.038505614186292
12.41782340748568
15.662196373245001
12.135505311197583
8.395752291507776
16.80210383203733
14.017684891849997
19.94186306899189
11.288845793582357
11.245639581527493
14.223481004990672
16.706374062694053
11.83478477422504
11.74885792972119
13.10832293437785
18.039358487901087
15.041320496503413
27.726851608732172
12.0897342735817
10.507428920691588
21.59203700566021
12.495267978906032
12.864859307231715
17.242800644261827
28.117585273542904
14.751175523300079
15.034677202671958
10.361958117979201
14.146833194766991
12.311927605402692
13.064976945084007
18.51137080728766
17.406773808057523
13.321254973220878
8.922130596113636
13.672268671304211
21.98012193495012
16.14431566007423
13.033052120402367
10.20601603715948
12.46235411365471
25.777791340484757
10.17539765956388
13.730800753734176
15.450994794113436
55.096060828140615
15.674212480874498
14.75372472539425
