cycle_time
13.344347162290893
12.498351099054423
12.814062461462836
13.3751401575756
17.44845039126082
13.040017594341366
11.648130865704507
10.702492492378266
10.708504743812925
14.499004471900314
12.973000556560065
14.295401157380994
16.151663861749128
12.556402360155033
11.12763752628483
15.067511303316111
16.290750911999517
9.193285203266447
8.39829563428626
21.775727026730408
11.267514158929156
12.52426862187648
7.423901481344276
14.047851874726812
34.29184853496878
9.880309796472915
9.147170278066726
17.23548622915885
13.217816760660881
9.006859054260701
11.263705845563383
12.00570681361344
10.394897960891733
12.727243920523156
13.628686432295844
11.005307221960893
15.044106996899588
13.325998576337406
15.174001050008968
20.658314042938557
15.603889907984188
13.398456662924572
12.528721817602428
11.117607898957509
17.44950378448395
16.71687074079207
15.991585126834323
14.619679031700054
14.501152140605305
16.702389255160664
10.530944540604525
14.296444377651184
15.751081045931546
11.83887206567137
11.980180771928266
22.410298480144327
28.074446470410308
10.62275191432642
11.27333808720791
19.103866145312914
10.112754227620607
10.369934427398046
18.401290755440538
26.035204236363896
9.395023757831185
15.349662463173381
17.17446564644988
15.520238297515162
9.576154381803127
14.019062323050173
15.080119733745837
8.957831259202678
13.297806749364597
10.728534909812662
11.523951822719745
12.159776561986538
18.055350852583498
12.071151792166496
13.73045017165201
16.65699362655447
20.91019922432563
12.491906885770495
13.117474587516572
19.448263760406412
21.658726445099695
19.685284012758807
10.476636604315537
14.825823830311526
20.531842530920674
10.928356451978258
9.519663711073253
17.345687801900706
11.600870247335187
9.472893233175574
8.92001735493792
25.33762155710185
28.799911206244047
11.4913597050771
9.327722955895045
11.703069419654389
8.98806071093008
17.765482992783184
13.29345218355224
12.772139074655422
10.206322603812495
17.111330684349433
22.584396298445522
23.62648526695817
14.361496499838461
19.975032866285673
12.05516567738046
17.647908327792567
12.008014292502518
19.129390269469702
28.892315144338045
15.85788905595029
11.12353502547209
17.991104855417102
14.328889928775206
26.503166300640483
19.896061856270695
11.54991632644675
17.87794077586123
9.799548886049944
11.307745147301699
19.223042431751857
10.574764065688905
12.365916343411074
13.666202084340597
10.64317544492118
13.415847122390726
16.971205067396433
10.751969935640481
17.446940554017264
14.957346677732211
22.091220804965996
9.08695022241434
9.293087005210015
10.690371573978734
10.684892478506722
10.725814021056193
9.754161004941666
10.176604319610384
15.22602035352354
11.49745085622214
14.139993181256981
19.067157478471927
14.968598595084075
13.831910383683454
10.848731739976978
11.15990284768338
17.850756494289936
11.977354486943504
13.725918824704122
26.607835811782333
15.953161121869359
15.504144750033447
9.833450819275338
12.859188368155996
9.175425278474453
11.179921475584113
8.828328031803022
18.287520098623936
18.028947859089516
12.076690995629377
12.311228159853474
12.625567114507714
9.439257884559883
12.972759425521128
14.759009332754298
12.539116376561594
15.518383070492511
12.96847229026538
10.513222351553166
17.37238367595789
11.44121766812466
18.892811344232076
12.069473983887171
8.671376438201184
14.82339379569754
11.98926614606273
10.406952180897685
10.742445832865547
11.996615866458724
8.781602214154745
19.044601283690834
13.171331204870663
12.132402895083768
10.472966864024636
9.676854263705227
14.03772989005047
21.652159057279466
16.067754873326745
10.264564649475037
13.42064647476962
10.44134257091808
13.739274595816768
16.567206819751735
26.46148062445951
12.379227961777117
15.096198657476183
10.56644609942002
17.484946120692065
15.443410638178511
17.595745515770606
18.150630251899457
18.709967367429204
18.793186427521793
15.513227172010522
18.552815446850282
12.202897478090783
13.833492865692973
12.474220071232939
13.883955962425139
12.11518122285058
11.620025845123394
14.911917408263175
14.709133601755859
11.12881497020451
16.654917926889397
15.670272324785643
23.05746345513015
15.353099862716942
16.790909066609803
15.023471970449231
9.772438239654457
13.089699988221874
17.995782050573688
20.575254112081964
17.011391431425224
14.947613400710418
19.837397613842093
20.862114768806663
14.534626802469
11.67734595137823
20.292404034696062
15.842497431682679
9.251701256207605
11.776129003607371
25.678275652018424
13.147695085051513
13.383101741937374
30.449761558900065
15.108743170292094
10.353554486938384
15.094139385350273
12.468878333249057
10.449117199222616
11.078107141036384
19.668963979887135
26.77152464166678
18.78708589971351
12.077889764008921
15.833740614518815
19.894313446137716
11.68988606336411
12.060473733425953
16.057913586139094
13.419602297977631
15.839220471565183
12.07422089604104
13.565890223002887
11.396190388105914
16.649087496846736
15.372835589550844
13.690996145754685
15.164082780256413
16.85805580706808
13.329914268083972
10.890590788948277
10.391277140367364
11.562312947588508
28.047785446418295
27.190424251265984
10.270724730884169
10.687858495009257
16.541214756214682
15.060306938504532
11.002134869986884
23.29846442002997
12.120598337057618
10.178960357250732
10.884642973437414
11.541988434125148
9.81022709360511
12.902972897285114
13.327871912751352
15.545493746390648
12.842275504674408
24.45970722415885
13.459537825380211
11.245846564045898
17.570405814940187
18.493864363390554
12.227585205978832
13.381073094062215
25.091168202836837
17.778742559372827
9.025420959689887
30.365757473857613
