cycle_time,spt_policy,fifo_policy,hrrn_policy,longest_queue_policy,shortest_queue_policy,least_flexible_resource_policy,most_flexible_resource_policy,least_flexible_activity_policy,most_flexible_activity_policy
14.279985731149619,0,0,0,0,0,0,0,0,0
12.092973087202122,0,0,0,0,0,0,0,0,0
14.49945144940466,0,0,0,0,0,0,0,0,0
10.786510640700449,0,0,0,0,0,0,0,0,0
12.233341741191763,0,0,0,0,0,0,0,0,0
13.127527757013008,0,0,0,0,0,0,0,0,0
10.286908073122532,0,0,0,0,0,0,0,0,0
12.590014302117021,0,0,0,0,0,0,0,0,0
16.619543615630153,0,0,0,0,0,0,0,0,0
13.784361854708877,0,0,0,0,0,0,0,0,0
11.326580382757705,0,0,0,0,0,0,0,0,0
9.82245140272166,0,0,0,0,0,0,0,0,0
9.329902511789864,0,0,0,0,0,0,0,0,0
10.988319982254216,0,0,0,0,0,0,0,0,0
17.515540981756484,0,0,0,0,0,0,0,0,0
14.847969122690571,0,0,0,0,0,0,0,0,0
12.37429957322861,0,0,0,0,0,0,0,0,0
8.253574059234582,0,0,0,0,0,0,0,0,0
12.74661807023155,0,0,0,0,0,0,0,0,0
11.137671431324621,0,0,0,0,0,0,0,0,0
14.665683374633288,0,0,0,0,0,0,0,0,0
16.787927547377198,0,0,0,0,0,0,0,0,0
14.608925232232641,0,0,0,0,0,0,0,0,0
13.849508742354852,0,0,0,0,0,0,0,0,0
12.342692811955754,0,0,0,0,0,0,0,0,0
14.305412818245587,0,0,0,0,0,0,0,0,0
11.763532431572816,0,0,0,0,0,0,0,0,0
14.55955912533883,0,0,0,0,0,0,0,0,0
11.746704775018005,0,0,0,0,0,0,0,0,0
9.482624860953377,0,0,0,0,0,0,0,0,0
10.938033705854977,0,0,0,0,0,0,0,0,0
10.988788059985513,0,0,0,0,0,0,0,0,0
14.20559413461409,0,0,0,0,0,0,0,0,0
9.185159735712418,0,0,0,0,0,0,0,0,0
13.71985295330755,0,0,0,0,0,0,0,0,0
11.039394545098903,0,0,0,0,0,0,0,0,0
13.992364202897422,0,0,0,0,0,0,0,0,0
11.557936825755272,0,0,0,0,0,0,0,0,0
12.138666399133994,0,0,0,0,0,0,0,0,0
9.521594296066848,0,0,0,0,0,0,0,0,0
10.655901284977569,0,0,0,0,0,0,0,0,0
14.238171347990708,0,0,0,0,0,0,0,0,0
10.343428320275539,0,0,0,0,0,0,0,0,0
11.95841676025157,0,0,0,0,0,0,0,0,0
11.742095626990723,0,0,0,0,0,0,0,0,0
12.826358236351899,0,0,0,0,0,0,0,0,0
15.135352604368196,0,0,0,0,0,0,0,0,0
11.116014688060263,0,0,0,0,0,0,0,0,0
12.65209992393305,0,0,0,0,0,0,0,0,0
12.376411044850132,0,0,0,0,0,0,0,0,0
13.644377007347835,0,0,0,0,0,0,0,0,0
13.628010411252905,0,0,0,0,0,0,0,0,0
12.15600271352023,0,0,0,0,0,0,0,0,0
10.982177380776127,0,0,0,0,0,0,0,0,0
11.823018619430227,0,0,0,0,0,0,0,0,0
11.38381466463053,0,0,0,0,0,0,0,0,0
19.260198361672433,0,0,0,0,0,0,0,0,0
8.38291596016458,0,0,0,0,0,0,0,0,0
13.808879088643126,0,0,0,0,0,0,0,0,0
14.913085273528658,0,0,0,0,0,0,0,0,0
14.635140196660629,0,0,0,0,0,0,0,0,0
16.048567346305195,0,0,0,0,0,0,0,0,0
11.902709652510412,0,0,0,0,0,0,0,0,0
29.244101245038326,0,0,0,0,0,0,0,0,0
21.449478712657985,0,0,0,0,0,0,0,0,0
14.858040169179079,0,0,0,0,0,0,0,0,0
11.155699466066679,0,0,0,0,0,0,0,0,0
16.82043362355117,0,0,0,0,0,0,0,0,0
12.735703553677817,0,0,0,0,0,0,0,0,0
12.558477882666017,0,0,0,0,0,0,0,0,0
10.967048825185973,0,0,0,0,0,0,0,0,0
14.540300968198725,0,0,0,0,0,0,0,0,0
14.58874497073108,0,0,0,0,0,0,0,0,0
14.515106183597979,0,0,0,0,0,0,0,0,0
10.689413869298038,0,0,0,0,0,0,0,0,0
12.410612623957164,0,0,0,0,0,0,0,0,0
12.631524071796905,0,0,0,0,0,0,0,0,0
11.994480205977737,0,0,0,0,0,0,0,0,0
15.446808228079124,0,0,0,0,0,0,0,0,0
8.615643625082658,0,0,0,0,0,0,0,0,0
31.828888653674507,0,0,0,0,0,0,0,0,0
10.713413286104435,0,0,0,0,0,0,0,0,0
11.061562574765224,0,0,0,0,0,0,0,0,0
16.644135822762777,0,0,0,0,0,0,0,0,0
12.745535733925317,0,0,0,0,0,0,0,0,0
13.089633394601597,0,0,0,0,0,0,0,0,0
8.68446106946198,0,0,0,0,0,0,0,0,0
12.266761795018255,0,0,0,0,0,0,0,0,0
15.060678317397054,0,0,0,0,0,0,0,0,0
13.31639319218288,0,0,0,0,0,0,0,0,0
9.5310754414515,0,0,0,0,0,0,0,0,0
12.04016955281927,0,0,0,0,0,0,0,0,0
17.286684882223543,0,0,0,0,0,0,0,0,0
12.938159293118554,0,0,0,0,0,0,0,0,0
13.998830153662782,0,0,0,0,0,0,0,0,0
13.286428614733147,0,0,0,0,0,0,0,0,0
12.445478627757346,0,0,0,0,0,0,0,0,0
15.987071565266524,0,0,0,0,0,0,0,0,0
12.169491404756421,0,0,0,0,0,0,0,0,0
12.965210902701468,0,0,0,0,0,0,0,0,0
12.579104147248573,0,0,0,0,0,0,0,0,0
11.425045980845024,0,0,0,0,0,0,0,0,0
10.502997633839094,0,0,0,0,0,0,0,0,0
13.386742346916458,0,0,0,0,0,0,0,0,0
12.380494229771744,0,0,0,0,0,0,0,0,0
10.613059411687587,0,0,0,0,0,0,0,0,0
11.447522657194527,0,0,0,0,0,0,0,0,0
12.852355249565889,0,0,0,0,0,0,0,0,0
11.537614257444165,0,0,0,0,0,0,0,0,0
15.034103511607396,0,0,0,0,0,0,0,0,0
12.575695764628898,0,0,0,0,0,0,0,0,0
17.61217237918927,0,0,0,0,0,0,0,0,0
11.501582694383714,0,0,0,0,0,0,0,0,0
12.1750310209598,0,0,0,0,0,0,0,0,0
18.628698929022462,0,0,0,0,0,0,0,0,0
11.783412199547804,0,0,0,0,0,0,0,0,0
12.378807480356516,0,0,0,0,0,0,0,0,0
8.733353107143564,0,0,0,0,0,0,0,0,0
11.196895448690531,0,0,0,0,0,0,0,0,0
11.547792577849403,0,0,0,0,0,0,0,0,0
11.45611281769048,0,0,0,0,0,0,0,0,0
14.927749504603277,0,0,0,0,0,0,0,0,0
14.504755845440627,0,0,0,0,0,0,0,0,0
12.240137382676751,0,0,0,0,0,0,0,0,0
11.738120060448633,0,0,0,0,0,0,0,0,0
11.361882424686339,0,0,0,0,0,0,0,0,0
11.86005085411695,0,0,0,0,0,0,0,0,0
13.973316112336551,0,0,0,0,0,0,0,0,0
10.468679568789753,0,0,0,0,0,0,0,0,0
9.3932217648216,0,0,0,0,0,0,0,0,0
12.32318181483658,0,0,0,0,0,0,0,0,0
11.930776993985788,0,0,0,0,0,0,0,0,0
12.01158049371983,0,0,0,0,0,0,0,0,0
11.312059581043576,0,0,0,0,0,0,0,0,0
7.383160911493289,0,0,0,0,0,0,0,0,0
15.329231853014102,0,0,0,0,0,0,0,0,0
12.795411327238147,0,0,0,0,0,0,0,0,0
12.69391844917606,0,0,0,0,0,0,0,0,0
13.120962014667349,0,0,0,0,0,0,0,0,0
12.236539344167644,0,0,0,0,0,0,0,0,0
15.958031630322038,0,0,0,0,0,0,0,0,0
8.431144071748177,0,0,0,0,0,0,0,0,0
13.503750069307754,0,0,0,0,0,0,0,0,0
16.93092663079317,0,0,0,0,0,0,0,0,0
12.004036787035611,0,0,0,0,0,0,0,0,0
12.956926948383611,0,0,0,0,0,0,0,0,0
15.415384247146058,0,0,0,0,0,0,0,0,0
13.279148137388855,0,0,0,0,0,0,0,0,0
12.941882483180978,0,0,0,0,0,0,0,0,0
12.147122237550084,0,0,0,0,0,0,0,0,0
13.337860113933115,0,0,0,0,0,0,0,0,0
11.433218062817758,0,0,0,0,0,0,0,0,0
10.326207911414647,0,0,0,0,0,0,0,0,0
10.284761873232418,0,0,0,0,0,0,0,0,0
9.789265444411491,0,0,0,0,0,0,0,0,0
11.48769356173672,0,0,0,0,0,0,0,0,0
16.418906555842838,0,0,0,0,0,0,0,0,0
11.743063966521992,0,0,0,0,0,0,0,0,0
12.825507518351277,0,0,0,0,0,0,0,0,0
12.209363810984168,0,0,0,0,0,0,0,0,0
9.744991883149883,0,0,0,0,0,0,0,0,0
22.574299555501305,0,0,0,0,0,0,0,0,0
14.717594741301973,0,0,0,0,0,0,0,0,0
12.009385380874452,0,0,0,0,0,0,0,0,0
10.206962033976337,0,0,0,0,0,0,0,0,0
11.315810088533576,0,0,0,0,0,0,0,0,0
12.65196418145051,0,0,0,0,0,0,0,0,0
14.079574628854829,0,0,0,0,0,0,0,0,0
9.380645857687304,0,0,0,0,0,0,0,0,0
8.553128454606812,0,0,0,0,0,0,0,0,0
14.361461696668703,0,0,0,0,0,0,0,0,0
12.795505080729265,0,0,0,0,0,0,0,0,0
19.375685621917157,0,0,0,0,0,0,0,0,0
11.883032096339715,0,0,0,0,0,0,0,0,0
14.589419577312974,0,0,0,0,0,0,0,0,0
13.38915586662722,0,0,0,0,0,0,0,0,0
12.302238342802275,0,0,0,0,0,0,0,0,0
7.86437432510937,0,0,0,0,0,0,0,0,0
12.656072220151788,0,0,0,0,0,0,0,0,0
12.926875490652755,0,0,0,0,0,0,0,0,0
12.52666109551273,0,0,0,0,0,0,0,0,0
15.395919940710135,0,0,0,0,0,0,0,0,0
8.975874402809941,0,0,0,0,0,0,0,0,0
12.371981357743877,0,0,0,0,0,0,0,0,0
11.396809166853679,0,0,0,0,0,0,0,0,0
13.80607441952391,0,0,0,0,0,0,0,0,0
10.429243637013135,0,0,0,0,0,0,0,0,0
15.653506257173122,0,0,0,0,0,0,0,0,0
10.440395684321485,0,0,0,0,0,0,0,0,0
10.63909937692699,0,0,0,0,0,0,0,0,0
8.601358373944867,0,0,0,0,0,0,0,0,0
9.613527834361076,0,0,0,0,0,0,0,0,0
13.500279949246082,0,0,0,0,0,0,0,0,0
11.452978169659952,0,0,0,0,0,0,0,0,0
14.204703481709,0,0,0,0,0,0,0,0,0
23.062044248326657,0,0,0,0,0,0,0,0,0
7.131145587786677,0,0,0,0,0,0,0,0,0
12.50052147198436,0,0,0,0,0,0,0,0,0
17.18234400707215,0,0,0,0,0,0,0,0,0
10.459362326118747,0,0,0,0,0,0,0,0,0
12.91750037648213,0,0,0,0,0,0,0,0,0
8.929067225442868,0,0,0,0,0,0,0,0,0
16.602593249546647,0,0,0,0,0,0,0,0,0
11.244309811164916,0,0,0,0,0,0,0,0,0
14.118331881635122,0,0,0,0,0,0,0,0,0
10.441550276907405,0,0,0,0,0,0,0,0,0
14.73669759516342,0,0,0,0,0,0,0,0,0
13.112298383583681,0,0,0,0,0,0,0,0,0
14.796603012498299,0,0,0,0,0,0,0,0,0
14.546038713043261,0,0,0,0,0,0,0,0,0
9.184972814466217,0,0,0,0,0,0,0,0,0
12.21158760692586,0,0,0,0,0,0,0,0,0
11.132694851035456,0,0,0,0,0,0,0,0,0
11.289174369941637,0,0,0,0,0,0,0,0,0
14.714350816076132,0,0,0,0,0,0,0,0,0
11.133714380865099,0,0,0,0,0,0,0,0,0
10.903541818998894,0,0,0,0,0,0,0,0,0
20.49007937148692,0,0,0,0,0,0,0,0,0
15.990071300943175,0,0,0,0,0,0,0,0,0
13.323086657785641,0,0,0,0,0,0,0,0,0
14.486345333805975,0,0,0,0,0,0,0,0,0
11.463881282189758,0,0,0,0,0,0,0,0,0
12.87078414408894,0,0,0,0,0,0,0,0,0
13.3226374103181,0,0,0,0,0,0,0,0,0
14.731351604566758,0,0,0,0,0,0,0,0,0
15.523450928476437,0,0,0,0,0,0,0,0,0
11.386159347322044,0,0,0,0,0,0,0,0,0
11.902596057233545,0,0,0,0,0,0,0,0,0
15.169165439583798,0,0,0,0,0,0,0,0,0
11.331333762810536,0,0,0,0,0,0,0,0,0
10.123350155124534,0,0,0,0,0,0,0,0,0
12.997531656823735,0,0,0,0,0,0,0,0,0
12.655775730309143,0,0,0,0,0,0,0,0,0
17.444657823445873,0,0,0,0,0,0,0,0,0
18.948678397863368,0,0,0,0,0,0,0,0,0
12.886376205732413,0,0,0,0,0,0,0,0,0
10.429978594952047,0,0,0,0,0,0,0,0,0
10.372386404036032,0,0,0,0,0,0,0,0,0
12.342172287032817,0,0,0,0,0,0,0,0,0
11.766421673949257,0,0,0,0,0,0,0,0,0
23.7811990867543,0,0,0,0,0,0,0,0,0
12.921943149805577,0,0,0,0,0,0,0,0,0
14.239877899923655,0,0,0,0,0,0,0,0,0
12.017852806082468,0,0,0,0,0,0,0,0,0
13.234002099185972,0,0,0,0,0,0,0,0,0
10.695768698327834,0,0,0,0,0,0,0,0,0
21.83910545025779,0,0,0,0,0,0,0,0,0
11.53208702220536,0,0,0,0,0,0,0,0,0
10.92086312903053,0,0,0,0,0,0,0,0,0
11.69002268371981,0,0,0,0,0,0,0,0,0
14.80706507599409,0,0,0,0,0,0,0,0,0
17.585376453960976,0,0,0,0,0,0,0,0,0
16.410304314328204,0,0,0,0,0,0,0,0,0
14.90044847882555,0,0,0,0,0,0,0,0,0
9.509570428779112,0,0,0,0,0,0,0,0,0
10.887136898520135,0,0,0,0,0,0,0,0,0
14.499267167843984,0,0,0,0,0,0,0,0,0
9.723425358754291,0,0,0,0,0,0,0,0,0
11.661873694801505,0,0,0,0,0,0,0,0,0
15.461216308923293,0,0,0,0,0,0,0,0,0
12.189295264982045,0,0,0,0,0,0,0,0,0
16.154696388064494,0,0,0,0,0,0,0,0,0
13.628241678809646,0,0,0,0,0,0,0,0,0
9.833559390788741,0,0,0,0,0,0,0,0,0
11.519629976326456,0,0,0,0,0,0,0,0,0
10.845874887800337,0,0,0,0,0,0,0,0,0
10.591571477255052,0,0,0,0,0,0,0,0,0
11.365818249859283,0,0,0,0,0,0,0,0,0
16.815169214876622,0,0,0,0,0,0,0,0,0
10.290538128461442,0,0,0,0,0,0,0,0,0
12.383893234302795,0,0,0,0,0,0,0,0,0
12.408674761769651,0,0,0,0,0,0,0,0,0
12.177853025402651,0,0,0,0,0,0,0,0,0
9.443156521335737,0,0,0,0,0,0,0,0,0
12.091578284691366,0,0,0,0,0,0,0,0,0
18.63396992750069,0,0,0,0,0,0,0,0,0
12.969089352144604,0,0,0,0,0,0,0,0,0
14.107031100997292,0,0,0,0,0,0,0,0,0
13.512341941665026,0,0,0,0,0,0,0,0,0
11.928961732625353,0,0,0,0,0,0,0,0,0
14.039300221843858,0,0,0,0,0,0,0,0,0
11.329521656030243,0,0,0,0,0,0,0,0,0
12.569957802811103,0,0,0,0,0,0,0,0,0
17.346945566358798,0,0,0,0,0,0,0,0,0
15.11731520233333,0,0,0,0,0,0,0,0,0
12.572194451187539,0,0,0,0,0,0,0,0,0
13.134448371036145,0,0,0,0,0,0,0,0,0
14.915579887033918,0,0,0,0,0,0,0,0,0
13.224698815647068,0,0,0,0,0,0,0,0,0
15.954959992979001,0,0,0,0,0,0,0,0,0
13.09813016875476,0,0,0,0,0,0,0,0,0
8.068008106691135,0,0,0,0,0,0,0,0,0
14.173170110257358,0,0,0,0,0,0,0,0,0
10.44937191491687,0,0,0,0,0,0,0,0,0
13.950069937254922,0,0,0,0,0,0,0,0,0
12.91420566292549,0,0,0,0,0,0,0,0,0
15.25007188880343,0,0,0,0,0,0,0,0,0
10.899240328637333,0,0,0,0,0,0,0,0,0
19.761644372590613,0,0,0,0,0,0,0,0,0
12.66035400580253,0,0,0,0,0,0,0,0,0
