cycle_time,spt_policy,fifo_policy,hrrn_policy,longest_queue_policy,shortest_queue_policy,least_flexible_resource_policy,most_flexible_resource_policy,least_flexible_activity_policy,most_flexible_activity_policy
8.309485574772886,1759,125,1310,1394,1740,1658,4190,4665,2535
7.252836515905478,1811,95,1868,787,2124,2392,2272,4666,3435
8.404272620787781,1495,304,841,1704,1053,2298,3373,5902,2017
9.286019230250927,1239,133,903,952,1567,2584,3604,5318,3534
8.149245669541232,1093,195,763,655,1370,2807,3435,5953,3296
7.568366787919951,1342,86,716,1077,1886,3042,3485,5209,2474
8.696912614164127,1311,67,1924,1320,1467,2324,2973,4861,3639
8.418058288697502,1470,212,1616,914,1774,2633,2168,4909,3813
6.85660619652671,1130,113,1296,824,1135,1800,4212,4295,4580
11.007281606907547,1513,103,1248,481,1868,2819,3859,3819,3950
8.058907081896155,815,148,1516,1953,1830,1839,3940,4412,2826
12.426776323995602,1198,114,1374,647,1336,1897,4189,5499,3390
10.83520032434257,641,267,1460,906,1678,2447,3829,4790,3460
5.28121697440833,1476,168,880,1692,1417,1102,3837,5307,3308
9.872646191834454,1993,133,873,2101,985,3253,2232,5294,2787
6.944582910660761,756,36,1437,1052,1849,2572,3808,5398,2757
8.814983342475916,709,356,1501,1329,1000,2570,2519,6091,3541
7.528923701512821,1134,1126,1294,1617,1435,2125,1982,5098,3224
9.305336418671507,1107,71,730,1027,1930,2297,3508,5586,3324
6.906741700634746,992,142,426,1131,2171,2138,2513,6563,3290
7.835784693550349,1211,97,977,367,1830,2666,3869,5209,2941
9.559043923259908,1225,160,1287,1248,1244,3736,2917,5091,3027
7.835914177221181,1005,299,836,881,1218,2943,3627,5227,3667
7.951653800408852,1977,253,1079,433,1615,2591,2931,5362,3706
9.218363203059997,1910,409,2079,651,1054,1839,3220,4641,3683
11.228392212057452,1704,15,1952,893,1693,2941,3342,4662,2481
11.00167558091686,1194,21,1702,901,1155,3208,2758,5495,3358
9.598726564822254,1401,825,1302,619,1525,2656,2958,5177,3268
8.175746868404138,1518,105,775,911,1991,2249,3733,5284,3303
6.909215552783444,1590,40,1355,1783,1912,2566,2985,4303,2908
7.964499043560597,1269,52,1429,974,1955,1972,4431,4436,2586
8.262746531802422,1749,183,1326,1019,2156,2734,2780,4659,3177
10.629223317104891,2822,122,899,1123,1262,2497,3219,4645,2981
7.640061289017228,1603,56,857,790,1456,2505,3776,4495,4295
7.338736797994166,2097,115,1829,1228,1753,1894,2929,4580,2687
7.519068015686407,1013,104,998,1595,1632,1562,3200,5812,3736
10.017938535660251,1221,48,1962,595,1718,2908,3297,4465,3200
8.648378911172035,1627,148,1809,1368,1815,2562,2589,5215,2474
8.584796775363,1905,214,559,1397,2144,1970,3621,4646,2833
8.17468584754499,1387,284,754,1139,1925,2445,3307,5302,3311
9.89843966376505,1278,85,1285,461,1790,3336,2878,4498,3666
6.898347037768311,1470,39,1124,770,1428,2772,3284,5138,3476
9.676616431056642,1209,159,1101,693,1816,2503,3827,4942,3599
7.946025820008117,1289,47,1154,621,1993,2050,3456,6805,2077
7.047830536395556,909,89,1182,1225,1465,1285,3164,6169,3709
9.540118798251603,1061,226,1694,472,1271,2367,4231,4725,3367
8.742385292863721,1585,46,1973,1148,1141,1944,3750,5681,2236
10.390161202993248,2054,171,1274,432,1982,1875,3980,4653,3417
7.714084502995829,1645,179,1793,1043,1494,2252,3267,4479,3811
10.560894040026662,1376,102,1687,884,2597,2441,2915,4413,2685
8.020923582011521,1151,93,1618,923,1351,1265,5066,4110,3939
8.856050544138327,1192,111,1920,1214,1362,3635,2901,4143,2981
9.213006991429175,1855,114,1087,1238,1889,2353,3404,3884,3370
8.918524189589556,1862,177,1398,925,1500,2023,4335,4293,3255
9.495208265791577,1443,120,1489,1134,1112,2330,2839,6379,2587
7.074419367230669,1283,565,1001,968,1512,1494,3198,5465,4177
8.72882953128262,2244,268,1352,908,1675,2931,2403,5641,2044
7.604784823543228,971,244,1108,1295,1996,2023,3261,5375,3267
10.73814604869151,1986,117,751,753,1167,3206,3418,5580,3037
7.684796045995809,2272,86,2054,1350,1353,2238,2773,3971,2687
10.102744021119115,1351,145,726,1367,2238,2156,3377,5426,2592
9.672596705430557,2006,146,806,769,1741,3318,2528,5344,3177
11.292752500086431,1743,136,1399,768,1294,2382,4097,4915,2685
5.679118445754635,1081,102,1034,1288,1668,3130,2922,5607,3177
10.770367488105974,1169,75,1039,1010,1275,2492,3885,5492,3110
7.468562047354282,1420,64,1045,1472,1443,2588,3069,4947,3465
7.225538204092966,1758,54,482,874,1820,2245,3946,4977,3139
8.6258692509217,734,260,1410,1048,1677,3744,1833,5353,3828
8.557067473373944,791,168,1357,1609,1596,2071,3631,5438,2684
8.153000684180999,1835,81,583,868,1559,2740,3996,4821,3197
9.01353527308169,2123,115,579,587,2057,2042,4678,4034,3521
9.570755572477239,2246,287,1457,1013,1646,2105,3869,4980,2461
8.820138166289789,1770,139,1077,921,2165,2117,3345,5600,2933
7.866014188519098,1436,230,1642,1559,1134,1807,4314,5244,2196
8.9721264424082,1878,57,962,661,1444,2769,3150,5538,3126
7.858419523303634,713,96,1825,953,1758,1653,5198,4592,2957
9.154082146186491,769,148,2078,2167,1474,2213,3160,5345,2365
8.732090138200872,1217,286,1666,696,1534,2562,3260,4969,3738
10.019034041754919,2206,111,1453,846,2313,2532,2704,4698,2350
8.498321101535012,719,108,711,883,1179,2546,3717,6003,3311
7.834944737473481,1880,134,1135,645,1624,3851,3446,4846,2341
8.12106288502309,1714,42,1366,1261,1219,2095,3404,5765,2755
8.20566904540491,1270,26,849,673,3089,2043,3360,4203,4260
8.783959723075224,2070,32,1554,1399,2364,2505,2707,4817,2433
7.45871170550727,934,124,1364,728,1803,3679,3025,5277,2957
8.294005756926927,1078,235,1421,834,1181,2603,3366,5860,2991
8.358771233807147,1125,345,2187,851,1905,1224,3403,4005,3969
9.174749430514067,1567,113,1525,704,1700,2431,3346,5710,2522
6.832631422181419,1402,36,1300,885,1633,2241,4158,4310,3722
7.631317454037633,973,139,511,1011,1961,2748,3433,5714,3013
6.441543327608979,948,77,879,1060,2028,2240,4019,5523,3182
7.648127968797245,994,139,2770,988,1880,2154,2726,3932,4003
6.591151548711471,1662,195,778,862,1772,1922,2785,6360,3439
7.113019874615467,1445,137,1012,953,2476,1965,3270,5750,2779
7.522726894490447,1097,236,969,1234,1692,1416,2900,5780,4050
9.409988819478627,1849,177,1871,1340,1428,3056,2488,4592,2888
6.942317164958722,1367,134,1622,1812,1182,2513,2867,5390,3012
8.668144102285574,1215,85,1407,1227,2171,2963,2844,4383,3575
6.736957747388552,865,222,1612,696,1419,3202,3562,4000,3816
8.331858224726997,1472,150,2046,638,1247,1941,3733,5027,3469
7.273641077110806,1020,120,892,884,2034,2241,2916,6256,3082
8.304831229244025,1381,123,1619,953,1563,3213,2614,4695,3148
7.714704108001916,1124,394,772,853,1784,2559,4117,4565,3907
7.791863010101509,963,165,932,572,1997,2123,3262,5890,3630
9.26649759429347,1876,191,1195,692,1080,2286,2998,5722,3663
8.778732002892447,2045,96,1682,1117,1807,1997,3509,4596,2784
6.187361221073932,876,84,2739,1032,1877,1009,4493,4371,3418
9.621805526102548,863,182,1494,647,1684,2667,3076,5876,3535
8.053791478322408,1319,350,1030,1394,1473,2014,2486,5430,3911
6.629860796658646,1510,194,1889,939,1481,3086,2658,4257,4411
7.5078306311244,1984,263,2331,1016,2022,2431,2256,4044,3372
9.628474662315632,2327,35,958,547,2387,3317,2685,5057,2494
8.040916034323757,1566,219,711,1583,1308,2251,4263,5261,3295
9.359243083983893,1141,215,1123,978,2222,2344,3705,6111,1788
7.378693983896033,1220,224,2141,930,1634,1893,3577,5416,2762
10.463328547353436,954,172,1424,910,1806,2526,4247,4207,3534
10.10880704555102,1080,371,1694,1157,2128,2096,2812,5167,3069
9.531324232349135,1075,119,1294,1114,1384,1365,4690,5036,3551
11.150059379949502,1951,192,1653,615,1352,2229,4112,4563,3163
8.475771607238352,1818,189,1045,648,1957,2414,3047,5273,3413
8.651925475096665,1021,34,1843,1164,1689,2026,3079,5726,3443
8.86445193409699,1714,54,1092,726,1261,2368,4400,5333,2596
7.783389503872143,1291,277,851,996,1534,2855,3205,5029,3566
8.364279190495694,1579,113,1974,1203,1557,1939,3405,4538,3125
9.315531838808363,1531,20,1280,593,2199,2538,3349,4615,3882
9.65425981269382,1958,78,1191,1128,1456,2202,3051,5752,2791
11.208427110092297,1693,52,868,1061,1626,2718,2906,5902,2821
9.44801289800776,2517,156,1873,517,1607,2542,2531,4551,2832
10.36281430445367,1978,109,1327,879,1740,2891,2448,4770,3590
7.5936442018349135,1443,67,1519,1083,1077,2719,2406,5558,3956
9.051033774578993,1764,137,2113,1378,1630,1936,3195,3715,3265
9.225241075202568,1964,164,877,852,2189,3158,2549,5036,3402
9.891650268297369,1739,135,1047,1070,1369,1643,3051,5495,3877
9.249624285948805,1372,349,642,1074,1460,2561,3412,6088,2355
7.084026843488269,871,83,1581,688,1670,1583,4504,6188,2476
10.504199915843586,983,79,1313,1254,2286,1841,3972,5803,2335
6.310471446507266,734,127,1382,885,1388,2658,2694,5222,4166
7.999452865623817,1637,238,1122,1184,1508,1827,2470,5124,4417
8.380242004360568,1368,137,1174,657,1830,2560,4316,4190,3295
8.638418120589352,1249,130,906,1101,1168,2993,4208,3950,3915
10.785181519351493,1397,82,971,729,2521,2176,3147,6501,1838
8.264285760547516,1593,278,773,975,1114,1693,4056,6953,2540
10.097902298345169,1938,190,2207,648,1872,2271,3494,3866,3620
9.650176932860596,1119,140,1340,1298,1978,2404,2914,5279,3218
9.087849519993556,1477,238,1605,1075,2231,2093,3248,4554,2655
8.483129526421976,1608,132,1527,600,1290,2398,3090,5873,3049
6.5247997673454545,1819,150,825,1061,1810,3614,3445,3979,3442
7.783374307829971,1133,122,3105,983,1244,3273,2682,3861,2892
7.930355012192924,1198,39,1442,1359,1341,2160,4336,4849,2625
7.749839188038798,1706,448,1251,864,1165,2489,3229,5507,3446
7.041162597413088,1584,51,1748,933,1640,2550,4051,4702,2424
8.111405675371518,1929,189,1329,545,1454,2406,3812,5148,3099
11.239986155692554,698,28,1199,664,1474,2385,4113,6005,2963
7.695267204167435,1104,70,1239,728,1657,3124,2967,5535,3455
9.894882961390207,1953,93,680,977,2031,2220,3037,5058,3305
10.114996165086433,1468,169,1147,1385,1915,2258,2379,5134,3621
8.320610928923406,1436,96,2125,1038,1610,1853,2784,4874,3580
9.755592556181996,919,309,640,728,2027,2385,3444,5136,3953
8.586235643275769,1260,163,1164,839,1957,2009,3376,5614,2775
8.979509126290239,2212,188,787,1927,1430,2019,3333,4496,2801
9.242043926205218,1793,55,887,909,1370,2354,3342,5498,2834
12.894809582269659,1992,61,1994,916,2041,2735,3652,4547,1867
9.734975418594855,1266,71,1979,1006,1793,2344,3448,5375,2475
10.36654923561202,1116,242,1236,834,2000,3541,3999,4979,2019
7.152335711085803,1434,77,2281,974,1338,1823,3675,4504,3770
10.506379580304104,1811,165,1981,758,1268,3721,3198,4217,3081
8.148149034470592,1535,83,1955,1046,1182,1703,2583,7170,2398
7.89393317983506,1309,85,851,1345,1324,3455,2251,5281,3500
8.013392383270673,1433,323,1660,715,1573,2878,2721,5277,3076
7.989533441079012,1279,141,997,1057,1855,1821,3705,5310,3121
8.008578797565608,1896,39,798,1010,1918,2024,3121,4945,4230
8.755705948343296,1733,97,612,493,1373,3174,2798,6827,2957
8.660256340951545,1627,51,503,680,1270,2807,2866,6800,2897
8.113871688671113,1237,49,1326,933,1457,2504,3191,4699,4387
7.6810752371655004,1904,58,1209,758,1402,1936,2593,5840,4222
8.058292460120398,2417,128,1883,631,1464,2034,4221,4309,2224
8.217861383859644,914,120,1401,1192,1841,2926,2132,6627,2723
11.304260982803,1740,88,1416,751,1670,2467,2653,5178,3567
8.900038795327276,1694,160,887,724,1589,2720,3756,5760,2470
8.28250444964875,1679,70,755,765,1557,2256,3477,6064,3441
7.0757667334405285,1417,117,2311,1090,1863,1504,3213,4547,3413
8.215433372987736,1878,174,1523,504,1244,2897,3941,4204,3674
10.511966689007295,1712,27,1311,555,1730,4765,2561,4292,2806
8.251673150038373,1634,77,1804,1245,1661,2241,3295,4657,3282
7.215605018470449,1240,187,597,928,1666,2826,3821,4251,4614
11.422547677084205,1816,52,1408,1224,976,3076,3543,4819,2799
7.761018109634764,1612,151,493,683,1944,2060,2599,4874,4879
7.563472005373794,1166,177,1976,1026,1166,2156,3503,4678,3580
7.491871206276717,1157,46,1655,1087,1855,1837,3155,5591,2814
6.2358373859486464,1630,145,1072,819,1581,1621,3181,6364,3186
9.738412017301817,2008,87,1287,1234,1054,1947,2566,4902,4487
7.1857375213801165,1555,236,1178,1073,755,1986,3082,5009,4458
9.492494658334387,1449,259,2240,1220,1443,1773,3771,3942,3377
6.7719026248916085,1324,37,1435,1062,1229,2393,3815,4866,3287
10.20674572802112,1539,44,2034,1162,1426,2425,4214,4809,1971
8.995758016048496,1182,60,1346,869,1472,1744,3162,6911,3482
11.842080336812874,2213,117,1107,1219,1727,3233,2880,4706,2469
9.202980590664104,2080,136,488,920,1994,2319,3946,5350,2650
6.902272558725875,1026,120,1216,877,2234,2284,2648,7272,2226
8.519639869919274,1910,228,699,626,1222,2830,2379,5719,3807
7.807186867403318,2219,610,1160,695,1562,1958,2699,4852,3875
10.213948441781282,1549,135,1050,1134,1493,2674,3107,5857,2551
6.876822639537695,738,120,1934,1567,1446,2187,2506,6624,2287
8.627499911236495,1914,208,1199,1030,1853,2887,3192,4560,2932
8.072185513484966,1588,144,897,633,2228,2776,3104,4787,4101
7.032800712059728,772,14,1717,2053,1548,1836,2813,4176,4780
8.046697708460766,1705,115,1434,912,1804,2324,3999,5294,2177
6.88081898125178,2020,65,2859,891,1080,2704,2858,3464,3578
7.522697828952755,1300,309,1329,1002,1851,1854,2324,5317,4231
9.470929816628567,1792,58,1231,1393,973,1847,3514,6029,3138
7.808620945141597,1584,69,1282,812,1993,1952,3009,5465,3346
8.46569753507509,2018,468,1728,430,1254,1391,3327,4516,4460
9.45554059919029,1197,202,585,964,1824,3137,3113,5726,3058
9.709242560216758,1021,295,1430,944,1830,2732,3634,5061,2845
8.892053587004362,945,130,882,1460,2447,2132,2810,5221,3288
9.516708178828686,993,48,1261,1216,2219,2258,3599,4503,3659
8.534658616095792,2252,267,1787,698,1873,2611,2221,4249,3844
10.823443412389281,1920,152,862,311,1613,4938,1841,4590,3248
8.199362968867787,1465,138,1206,640,1598,3153,3801,4685,2823
7.423149043388989,1070,407,1254,1016,1812,2804,3076,5311,2806
8.480158248978306,2270,123,1552,727,1289,2423,2685,4949,3429
8.777222410501011,1443,105,1794,981,2987,1301,4176,4281,2892
7.762269396445551,2274,29,1348,1356,1904,2143,3073,4906,2408
10.08758494781382,1227,14,1046,496,1884,3859,2680,4707,3750
9.788692977889788,950,392,950,1449,1680,2982,2862,5777,2818
7.970051751531007,1069,104,799,1118,1611,2447,3464,4652,3797
10.038604820661739,1631,45,1128,477,1858,1669,3636,5450,3258
7.937693789896139,1093,36,766,530,1714,2300,3656,6309,2917
7.616595183657583,1456,108,1904,911,1419,2757,2448,4238,4258
7.381410084128012,1520,164,1717,760,1563,1736,4382,4796,2948
8.035954017527793,1516,141,556,1054,1804,2704,3297,5059,3290
7.899304019124611,1458,160,1439,916,1711,2159,3029,5528,3372
9.4174906363323,1041,163,1660,744,2145,2464,3771,5862,2014
11.105800722690962,1367,50,708,1416,1817,2137,3768,5989,2818
7.89356056412426,1539,140,1648,839,1496,1791,3304,5430,3487
9.615422353562302,998,200,1279,1501,1599,2615,3526,4964,2761
10.540755226256284,1952,58,1284,805,1538,3416,3187,4677,2623
7.777167467865813,1060,81,1349,1050,1208,2906,2798,5414,4318
8.026492576640866,1103,237,1377,1278,1700,1567,3594,5289,3487
9.619264185059302,1808,119,1517,624,1395,2160,3511,4892,4383
10.461529340803866,1352,42,1122,562,1464,3015,3338,4807,3116
9.939267788778652,2036,207,1070,906,1425,2036,3122,4958,3534
9.946794820320996,921,125,1382,1143,1681,2407,3757,5777,2593
8.986878718072829,1979,176,839,1029,1791,2482,4331,5216,2055
8.988955555367868,1444,106,1639,527,1406,2602,3976,4568,2762
8.452147571499477,1775,23,1703,756,1242,1934,3039,6144,2903
9.185603388577913,866,79,788,847,1658,2768,3257,4214,5262
7.984399142963844,1860,181,1382,680,1261,2810,3208,5703,2554
7.548571046582598,1385,168,967,841,1642,2100,3086,5669,3225
8.824276254125662,1617,181,1411,1044,1161,2642,3058,4916,3655
9.087779172187117,1601,143,1248,772,2254,2464,3174,3633,4179
11.167930342402597,1279,191,1964,817,1779,2596,3294,4360,2965
8.603406368442204,1315,226,1139,903,1784,2149,2947,6160,2927
8.899446663557066,1222,44,1352,660,2326,2307,5123,4397,2549
8.528448780996147,1283,147,953,1470,2487,2290,2896,5509,2543
9.244515068359652,1193,109,1600,1362,1636,1568,3599,4754,3893
7.701794999722062,1639,359,1360,1182,1393,2165,3460,5349,2672
8.61925613238641,1484,105,1065,741,1339,1988,4037,5829,3021
10.152061786899562,1673,67,1463,1522,1223,2077,4627,4366,2693
8.753202747400241,2177,158,868,1041,1818,2253,3078,4596,3674
9.91239390233395,2063,84,822,452,1995,1868,4695,4551,2891
8.98503665669574,1722,120,1459,1048,1383,3080,3131,5045,2743
9.993777491047688,2369,114,1437,722,1465,2106,3198,5004,2624
10.025812633203708,1870,33,2656,740,1386,2820,2513,4581,3117
9.751351288516869,2066,128,1345,929,1381,2595,3089,5118,3084
9.280238748435812,1701,126,1218,795,905,2297,3426,6566,2817
7.794474816531256,1399,76,997,1662,1190,3000,3398,4245,3737
8.2493775893564,1197,194,728,791,1784,2340,3111,6006,2750
6.4277519753805725,1211,115,826,770,1836,1056,3596,5605,3943
8.316564672855035,1671,123,1283,526,2556,2081,3555,4849,2567
8.199229106194087,1349,188,1748,964,914,3103,3773,5082,2853
8.294278252464455,1130,467,770,829,1219,2740,3526,5153,3490
8.346393036845244,984,163,1901,1169,1479,2096,2619,5787,2953
8.896135574719219,1749,123,1164,1076,1961,2865,2945,5289,2660
11.8942021938125,1466,84,1413,855,1316,3259,3549,4408,2985
8.876636765657269,1272,49,1543,384,2414,2755,2965,3831,3901
7.955482980248925,1282,188,1459,944,1418,1759,3802,5788,2997
6.818489189426179,1148,237,1303,1624,1327,2530,2931,5335,2846
6.800212381230465,1092,194,2653,1684,1260,1820,2286,3772,4947
12.063068641075718,1476,25,1456,1575,1402,3131,3286,4350,2795
8.086091806629847,2671,172,998,832,1130,2329,3101,5408,2943
9.640057282389398,1554,207,808,1503,1947,1984,3142,5160,2694
8.116238567690608,761,68,1130,1481,1503,2791,3356,5673,3022
8.28204806599642,2682,120,1450,1027,951,2418,3511,3989,3068
8.69114776790194,1660,109,1025,820,1829,2609,3070,5738,3083
7.669100637480196,1648,139,1281,951,1940,1728,4251,4594,3349
9.399241671666386,1133,207,1248,653,1520,2126,4444,5433,2737
8.803659864860684,2225,215,1527,659,1892,2025,3753,4870,2398
7.931781739427443,1556,163,2010,944,2196,2250,3245,4789,2591
8.330367052237916,1242,121,1798,464,2281,2112,2955,5782,2839
7.932946408415903,1947,165,1319,615,1357,3086,3891,3546,3462
7.628707923617139,1127,125,1767,647,2262,3300,2853,4113,3123
11.57846711379979,1892,137,559,851,2196,2918,3087,4980,2948
10.654232462607357,1711,206,773,1221,1718,2345,3081,6364,2385
7.04614352148465,966,240,1034,953,1563,1506,3030,6372,3955
8.607750891258037,1071,109,862,1316,1325,3431,2738,5538,3602
9.395832035157502,693,187,900,1380,1291,1400,3815,7277,2612
8.466717656461283,2324,220,1050,1351,1126,2575,2875,4500,3350
9.189387644267278,1607,280,832,1348,1003,3163,3070,5105,2600
9.69079302496034,2107,172,1631,972,1178,2943,3124,3954,3297
