cycle_time,spt_policy,fifo_policy,hrrn_policy,longest_queue_policy,shortest_queue_policy,least_flexible_resource_policy,most_flexible_resource_policy,least_flexible_activity_policy,most_flexible_activity_policy
12.809419515132438,0,0,0,0,0,0,0,0,0
10.828237963773091,0,0,0,0,0,0,0,0,0
12.042760540486142,0,0,0,0,0,0,0,0,0
11.913422260993082,0,0,0,0,0,0,0,0,0
11.02664104420378,0,0,0,0,0,0,0,0,0
13.523504662529026,0,0,0,0,0,0,0,0,0
9.18760921635728,0,0,0,0,0,0,0,0,0
10.830267853822386,0,0,0,0,0,0,0,0,0
13.564029288771637,0,0,0,0,0,0,0,0,0
8.709053730869305,0,0,0,0,0,0,0,0,0
8.010709344484251,0,0,0,0,0,0,0,0,0
10.285462770470565,0,0,0,0,0,0,0,0,0
13.391173156080262,0,0,0,0,0,0,0,0,0
11.569895098847278,0,0,0,0,0,0,0,0,0
8.035897645854929,0,0,0,0,0,0,0,0,0
9.060984581303433,0,0,0,0,0,0,0,0,0
9.529384988107893,0,0,0,0,0,0,0,0,0
15.479086812683725,0,0,0,0,0,0,0,0,0
14.265033583454768,0,0,0,0,0,0,0,0,0
11.116280028101556,0,0,0,0,0,0,0,0,0
13.366753402998365,0,0,0,0,0,0,0,0,0
9.441950818076743,0,0,0,0,0,0,0,0,0
12.003700807203922,0,0,0,0,0,0,0,0,0
11.056935725315947,0,0,0,0,0,0,0,0,0
9.693034114996154,0,0,0,0,0,0,0,0,0
12.975701805258268,0,0,0,0,0,0,0,0,0
10.579531373878075,0,0,0,0,0,0,0,0,0
11.125625700601296,0,0,0,0,0,0,0,0,0
15.445440985491663,0,0,0,0,0,0,0,0,0
10.592290349726207,0,0,0,0,0,0,0,0,0
10.879341330133045,0,0,0,0,0,0,0,0,0
11.933016171831415,0,0,0,0,0,0,0,0,0
6.707796224694213,0,0,0,0,0,0,0,0,0
8.766567286301166,0,0,0,0,0,0,0,0,0
16.210398160611636,0,0,0,0,0,0,0,0,0
10.294111347760374,0,0,0,0,0,0,0,0,0
14.591042372119077,0,0,0,0,0,0,0,0,0
16.540049314431403,0,0,0,0,0,0,0,0,0
7.4768008641750185,0,0,0,0,0,0,0,0,0
10.866779219819158,0,0,0,0,0,0,0,0,0
7.77380718233073,0,0,0,0,0,0,0,0,0
15.211225217925612,0,0,0,0,0,0,0,0,0
8.274187292163695,0,0,0,0,0,0,0,0,0
7.435293105857585,0,0,0,0,0,0,0,0,0
15.204368685551273,0,0,0,0,0,0,0,0,0
9.908709578104808,0,0,0,0,0,0,0,0,0
8.792897592116928,0,0,0,0,0,0,0,0,0
13.193795063579682,0,0,0,0,0,0,0,0,0
8.501023887890213,0,0,0,0,0,0,0,0,0
13.444759599466927,0,0,0,0,0,0,0,0,0
9.641007613533198,0,0,0,0,0,0,0,0,0
14.885785168274932,0,0,0,0,0,0,0,0,0
13.551185677794203,0,0,0,0,0,0,0,0,0
10.129266367308482,0,0,0,0,0,0,0,0,0
12.98389038304337,0,0,0,0,0,0,0,0,0
9.755431044454301,0,0,0,0,0,0,0,0,0
14.670097918068615,0,0,0,0,0,0,0,0,0
14.24617118736955,0,0,0,0,0,0,0,0,0
12.597228237207604,0,0,0,0,0,0,0,0,0
10.581555586351515,0,0,0,0,0,0,0,0,0
12.819093465981735,0,0,0,0,0,0,0,0,0
12.284284060853498,0,0,0,0,0,0,0,0,0
10.398397379014742,0,0,0,0,0,0,0,0,0
11.383762457020289,0,0,0,0,0,0,0,0,0
12.1638003440462,0,0,0,0,0,0,0,0,0
12.092338781318285,0,0,0,0,0,0,0,0,0
11.6968034423647,0,0,0,0,0,0,0,0,0
13.349109665510332,0,0,0,0,0,0,0,0,0
13.32558677206461,0,0,0,0,0,0,0,0,0
8.917936296396428,0,0,0,0,0,0,0,0,0
8.705349979847362,0,0,0,0,0,0,0,0,0
9.480937889436474,0,0,0,0,0,0,0,0,0
10.658917489432657,0,0,0,0,0,0,0,0,0
10.900572471344493,0,0,0,0,0,0,0,0,0
13.171724986790892,0,0,0,0,0,0,0,0,0
9.805035447268937,0,0,0,0,0,0,0,0,0
15.284103764888332,0,0,0,0,0,0,0,0,0
10.85386051425947,0,0,0,0,0,0,0,0,0
10.776625142668609,0,0,0,0,0,0,0,0,0
12.626386662804105,0,0,0,0,0,0,0,0,0
10.225563549642198,0,0,0,0,0,0,0,0,0
6.429238445722247,0,0,0,0,0,0,0,0,0
7.126621002516891,0,0,0,0,0,0,0,0,0
11.795990942607197,0,0,0,0,0,0,0,0,0
11.470801150479932,0,0,0,0,0,0,0,0,0
11.776450447911634,0,0,0,0,0,0,0,0,0
11.731196596198798,0,0,0,0,0,0,0,0,0
8.37082615144101,0,0,0,0,0,0,0,0,0
17.040498745431183,0,0,0,0,0,0,0,0,0
11.58757318064288,0,0,0,0,0,0,0,0,0
15.983106717949628,0,0,0,0,0,0,0,0,0
12.797090213518494,0,0,0,0,0,0,0,0,0
12.556777426755682,0,0,0,0,0,0,0,0,0
15.242941610300829,0,0,0,0,0,0,0,0,0
13.90082152964719,0,0,0,0,0,0,0,0,0
15.162048925976187,0,0,0,0,0,0,0,0,0
8.927802514761707,0,0,0,0,0,0,0,0,0
14.821003681648383,0,0,0,0,0,0,0,0,0
11.790517589627788,0,0,0,0,0,0,0,0,0
16.17321575061404,0,0,0,0,0,0,0,0,0
20.622325572433198,0,0,0,0,0,0,0,0,0
8.361240381620105,0,0,0,0,0,0,0,0,0
12.528065106738405,0,0,0,0,0,0,0,0,0
11.591568513491058,0,0,0,0,0,0,0,0,0
12.514606826364608,0,0,0,0,0,0,0,0,0
7.44239031603069,0,0,0,0,0,0,0,0,0
12.324559669955125,0,0,0,0,0,0,0,0,0
10.53974016867733,0,0,0,0,0,0,0,0,0
9.991933103232919,0,0,0,0,0,0,0,0,0
15.297098290256553,0,0,0,0,0,0,0,0,0
10.201904352276886,0,0,0,0,0,0,0,0,0
11.761089008202822,0,0,0,0,0,0,0,0,0
10.493346754628686,0,0,0,0,0,0,0,0,0
10.26499630438356,0,0,0,0,0,0,0,0,0
13.730656133481759,0,0,0,0,0,0,0,0,0
12.00488165316628,0,0,0,0,0,0,0,0,0
11.597915481147183,0,0,0,0,0,0,0,0,0
8.826248143364408,0,0,0,0,0,0,0,0,0
11.061526896121475,0,0,0,0,0,0,0,0,0
12.148168680635727,0,0,0,0,0,0,0,0,0
8.184041582287069,0,0,0,0,0,0,0,0,0
9.050743413727874,0,0,0,0,0,0,0,0,0
9.148675885513697,0,0,0,0,0,0,0,0,0
12.391602029105485,0,0,0,0,0,0,0,0,0
10.894562158993605,0,0,0,0,0,0,0,0,0
12.19965241295657,0,0,0,0,0,0,0,0,0
13.144113925992013,0,0,0,0,0,0,0,0,0
9.557953640575985,0,0,0,0,0,0,0,0,0
10.659505200290843,0,0,0,0,0,0,0,0,0
11.09948153866227,0,0,0,0,0,0,0,0,0
8.49298169811313,0,0,0,0,0,0,0,0,0
10.863700157546484,0,0,0,0,0,0,0,0,0
13.942566567117908,0,0,0,0,0,0,0,0,0
10.943273659241388,0,0,0,0,0,0,0,0,0
9.758109287207533,0,0,0,0,0,0,0,0,0
11.427196599825033,0,0,0,0,0,0,0,0,0
9.246731638178016,0,0,0,0,0,0,0,0,0
9.51505972290819,0,0,0,0,0,0,0,0,0
13.277294773801806,0,0,0,0,0,0,0,0,0
9.601799108219616,0,0,0,0,0,0,0,0,0
9.777065478823648,0,0,0,0,0,0,0,0,0
13.854299316526813,0,0,0,0,0,0,0,0,0
10.70607932062459,0,0,0,0,0,0,0,0,0
8.433254675792016,0,0,0,0,0,0,0,0,0
13.085213792359497,0,0,0,0,0,0,0,0,0
7.726239044269572,0,0,0,0,0,0,0,0,0
7.724837440327409,0,0,0,0,0,0,0,0,0
11.440378576607179,0,0,0,0,0,0,0,0,0
8.6656708140698,0,0,0,0,0,0,0,0,0
11.650101132799698,0,0,0,0,0,0,0,0,0
12.122579832306217,0,0,0,0,0,0,0,0,0
11.932824490271853,0,0,0,0,0,0,0,0,0
12.164993356973591,0,0,0,0,0,0,0,0,0
12.453454255302704,0,0,0,0,0,0,0,0,0
11.195483703218477,0,0,0,0,0,0,0,0,0
10.2679508224215,0,0,0,0,0,0,0,0,0
11.940971797471791,0,0,0,0,0,0,0,0,0
10.95650558961949,0,0,0,0,0,0,0,0,0
12.78298131993723,0,0,0,0,0,0,0,0,0
14.548394131647497,0,0,0,0,0,0,0,0,0
11.275391997313998,0,0,0,0,0,0,0,0,0
11.863532578188565,0,0,0,0,0,0,0,0,0
12.122964594089284,0,0,0,0,0,0,0,0,0
13.415223319086095,0,0,0,0,0,0,0,0,0
10.290742814352924,0,0,0,0,0,0,0,0,0
18.861004970422066,0,0,0,0,0,0,0,0,0
8.575057324244833,0,0,0,0,0,0,0,0,0
10.133497504252572,0,0,0,0,0,0,0,0,0
11.04316864005165,0,0,0,0,0,0,0,0,0
11.426358960882194,0,0,0,0,0,0,0,0,0
16.006839071583546,0,0,0,0,0,0,0,0,0
13.643107144259169,0,0,0,0,0,0,0,0,0
9.944845417405933,0,0,0,0,0,0,0,0,0
12.877452134378977,0,0,0,0,0,0,0,0,0
12.320895528065455,0,0,0,0,0,0,0,0,0
8.447192588652257,0,0,0,0,0,0,0,0,0
12.846833239816341,0,0,0,0,0,0,0,0,0
10.36611075997188,0,0,0,0,0,0,0,0,0
9.98829453818952,0,0,0,0,0,0,0,0,0
13.428848223629092,0,0,0,0,0,0,0,0,0
11.655154719867758,0,0,0,0,0,0,0,0,0
9.648877189661313,0,0,0,0,0,0,0,0,0
11.335641740204194,0,0,0,0,0,0,0,0,0
10.194882796413166,0,0,0,0,0,0,0,0,0
7.075208335927811,0,0,0,0,0,0,0,0,0
9.542932421049464,0,0,0,0,0,0,0,0,0
13.136785141431812,0,0,0,0,0,0,0,0,0
12.413048964217746,0,0,0,0,0,0,0,0,0
8.170325267014125,0,0,0,0,0,0,0,0,0
12.672659103529453,0,0,0,0,0,0,0,0,0
14.983159692667742,0,0,0,0,0,0,0,0,0
11.425313440632012,0,0,0,0,0,0,0,0,0
13.716437347041158,0,0,0,0,0,0,0,0,0
11.363232626040512,0,0,0,0,0,0,0,0,0
14.547158722878297,0,0,0,0,0,0,0,0,0
8.204682382549139,0,0,0,0,0,0,0,0,0
12.278614254526639,0,0,0,0,0,0,0,0,0
8.484252350963228,0,0,0,0,0,0,0,0,0
14.251984572437161,0,0,0,0,0,0,0,0,0
9.150275807497561,0,0,0,0,0,0,0,0,0
8.549700035712965,0,0,0,0,0,0,0,0,0
10.952811750212627,0,0,0,0,0,0,0,0,0
7.5565018919536335,0,0,0,0,0,0,0,0,0
8.893921939517192,0,0,0,0,0,0,0,0,0
10.424892573692222,0,0,0,0,0,0,0,0,0
9.164115602344399,0,0,0,0,0,0,0,0,0
7.950093779619308,0,0,0,0,0,0,0,0,0
10.482760324399024,0,0,0,0,0,0,0,0,0
8.628321212378891,0,0,0,0,0,0,0,0,0
6.595976919691081,0,0,0,0,0,0,0,0,0
8.548862855903876,0,0,0,0,0,0,0,0,0
12.307486428068458,0,0,0,0,0,0,0,0,0
9.782703775067315,0,0,0,0,0,0,0,0,0
12.905798609903917,0,0,0,0,0,0,0,0,0
11.749643082381798,0,0,0,0,0,0,0,0,0
12.781002276637784,0,0,0,0,0,0,0,0,0
14.738271988816102,0,0,0,0,0,0,0,0,0
12.938041319257968,0,0,0,0,0,0,0,0,0
12.482211755504592,0,0,0,0,0,0,0,0,0
11.234815215637122,0,0,0,0,0,0,0,0,0
11.88778768974224,0,0,0,0,0,0,0,0,0
9.973123042956114,0,0,0,0,0,0,0,0,0
9.557781043567397,0,0,0,0,0,0,0,0,0
13.139733500162215,0,0,0,0,0,0,0,0,0
12.502151906482691,0,0,0,0,0,0,0,0,0
13.660452323924636,0,0,0,0,0,0,0,0,0
11.387267667526736,0,0,0,0,0,0,0,0,0
14.21686051160892,0,0,0,0,0,0,0,0,0
12.58028900427428,0,0,0,0,0,0,0,0,0
13.227379688505753,0,0,0,0,0,0,0,0,0
11.265115476731586,0,0,0,0,0,0,0,0,0
10.678440706628997,0,0,0,0,0,0,0,0,0
10.7113638292951,0,0,0,0,0,0,0,0,0
8.517729001908018,0,0,0,0,0,0,0,0,0
11.001005861634491,0,0,0,0,0,0,0,0,0
14.642311389771924,0,0,0,0,0,0,0,0,0
10.916802541070478,0,0,0,0,0,0,0,0,0
9.943578092794233,0,0,0,0,0,0,0,0,0
11.737038501071774,0,0,0,0,0,0,0,0,0
8.57660062267995,0,0,0,0,0,0,0,0,0
10.293919983898684,0,0,0,0,0,0,0,0,0
9.430606643897917,0,0,0,0,0,0,0,0,0
12.911995100587424,0,0,0,0,0,0,0,0,0
12.595451654200254,0,0,0,0,0,0,0,0,0
14.439878226086,0,0,0,0,0,0,0,0,0
8.75005369766226,0,0,0,0,0,0,0,0,0
9.924369811481982,0,0,0,0,0,0,0,0,0
10.194165500700176,0,0,0,0,0,0,0,0,0
9.150084388735891,0,0,0,0,0,0,0,0,0
12.042292345287233,0,0,0,0,0,0,0,0,0
11.879846153226213,0,0,0,0,0,0,0,0,0
10.165568713043168,0,0,0,0,0,0,0,0,0
15.801143780834877,0,0,0,0,0,0,0,0,0
11.253967290604248,0,0,0,0,0,0,0,0,0
12.43910184854724,0,0,0,0,0,0,0,0,0
11.366104431735401,0,0,0,0,0,0,0,0,0
10.106483847188912,0,0,0,0,0,0,0,0,0
9.038364529352837,0,0,0,0,0,0,0,0,0
12.70288909286048,0,0,0,0,0,0,0,0,0
9.725996219572203,0,0,0,0,0,0,0,0,0
9.605574272316547,0,0,0,0,0,0,0,0,0
9.022692708695468,0,0,0,0,0,0,0,0,0
10.540837862676701,0,0,0,0,0,0,0,0,0
7.933289750332323,0,0,0,0,0,0,0,0,0
9.549201376530526,0,0,0,0,0,0,0,0,0
9.9610346283537,0,0,0,0,0,0,0,0,0
10.96104041366357,0,0,0,0,0,0,0,0,0
10.025734022540624,0,0,0,0,0,0,0,0,0
9.110191157169071,0,0,0,0,0,0,0,0,0
8.820975730716317,0,0,0,0,0,0,0,0,0
11.67414745166817,0,0,0,0,0,0,0,0,0
12.608954537179141,0,0,0,0,0,0,0,0,0
11.818153983630973,0,0,0,0,0,0,0,0,0
11.079639119518445,0,0,0,0,0,0,0,0,0
10.21862165294025,0,0,0,0,0,0,0,0,0
10.029878543692634,0,0,0,0,0,0,0,0,0
11.294528050446493,0,0,0,0,0,0,0,0,0
11.849224257095434,0,0,0,0,0,0,0,0,0
13.581324706415806,0,0,0,0,0,0,0,0,0
8.332365051767074,0,0,0,0,0,0,0,0,0
11.51883826053655,0,0,0,0,0,0,0,0,0
11.291093329478585,0,0,0,0,0,0,0,0,0
12.014992220625311,0,0,0,0,0,0,0,0,0
7.795299978939793,0,0,0,0,0,0,0,0,0
13.427229376053434,0,0,0,0,0,0,0,0,0
8.690621173988015,0,0,0,0,0,0,0,0,0
9.884550806888445,0,0,0,0,0,0,0,0,0
11.792004849155987,0,0,0,0,0,0,0,0,0
11.657829611088228,0,0,0,0,0,0,0,0,0
8.678136771774158,0,0,0,0,0,0,0,0,0
7.447250147173894,0,0,0,0,0,0,0,0,0
12.27011490316456,0,0,0,0,0,0,0,0,0
9.790985782057973,0,0,0,0,0,0,0,0,0
8.969527883425823,0,0,0,0,0,0,0,0,0
13.41410596390268,0,0,0,0,0,0,0,0,0
11.28069687697277,0,0,0,0,0,0,0,0,0
15.20682920625062,0,0,0,0,0,0,0,0,0
12.968476743170257,0,0,0,0,0,0,0,0,0
8.54336104328122,0,0,0,0,0,0,0,0,0
12.175973924423669,0,0,0,0,0,0,0,0,0
