cycle_time
24.157330502455192
18.478838424157647
15.410501877744055
14.788382537805155
35.63450019799769
40.908497511147814
33.65680217291331
16.004048909654376
22.892185776069095
15.744704388016746
22.361828438160433
29.777792669131998
16.75998156958888
32.85026581366364
22.682812700304577
12.473219144589063
22.637950233532166
20.458247259693913
35.833648258322384
38.42851759261318
31.851619095657192
12.285146391043519
13.758402151418114
45.008598383545035
40.65802808047867
21.98320556705996
34.511442095920465
38.90508442745964
19.015381466478566
16.10351290442369
14.366759983535843
33.45880705328414
22.964511108852886
25.742862117518484
19.880872802855848
23.39427547379363
34.65052141956577
17.474715301420225
26.665208055492904
25.009950184639127
22.980314304149232
115.89578513210382
34.25409972720797
21.473858003190436
45.99968252013425
33.99657404078978
47.002453820273
28.034505291156
17.45708091876982
22.87462567150927
10.647023314542393
16.224877365488354
21.591383791001764
54.41032011862158
16.638892343726532
13.613628573784158
31.332038343989986
45.1827020432553
16.0385949205741
22.26565403079216
8.061732003843291
20.80710282451745
27.245936633949675
31.248268059598175
44.85777203844437
23.534765194331936
32.98108887522239
40.52798259661544
21.57988504271973
19.458931988286306
24.32166865548375
30.21568839836506
17.675241962661573
41.98846311193924
18.489672503816365
24.055266311510767
78.14172297026319
26.253191950813317
33.2400705628525
37.76455129297554
17.946184536744305
43.191393713028916
16.428164050539152
22.86385968891045
45.27283389970709
45.76241383818523
72.56812866359056
30.145986111603342
61.77676782799969
21.418812974461698
28.88560961059663
29.666108510746962
17.08313991160537
34.445744338948096
50.9442068287268
45.32273930721301
28.11078908966659
31.408608777332763
35.09752538951918
47.87549504976328
19.63134718403375
46.02163546255173
14.858566833158052
38.61339958607456
22.080837420305954
31.909945877070093
20.77652990066261
44.90947007010225
14.326239833607685
26.39767060960794
20.435123014886955
36.26298865887839
23.259053930509168
36.753524669681205
12.086657323412016
36.25710518328658
15.445038858935526
46.290372911108406
18.233555414887437
40.90265286109668
19.704093041831804
30.949534037038966
49.068323171173326
29.073229874027
14.06632113158659
21.459367558129756
14.905812168051062
31.622394727210015
19.615834211593675
14.145855505489699
13.769886693191474
44.890525526670146
21.219002988407865
33.56865112731966
14.638767462996997
21.55116172390734
11.02137955460219
23.139569641012617
34.09790080167174
96.52333255302838
37.63384057288763
13.172451600220567
83.75340884475897
18.138688221134444
27.0729169861435
24.61531527076373
32.849656830622386
18.1456539567279
43.85566414731051
50.329602501492126
33.45869274385395
22.41031873155611
35.94263398006949
27.852805742420994
25.420737377583034
20.149639305053306
21.724758710201453
12.153322094124654
14.621703603764434
17.501543474005466
27.07711057679477
21.470549477501116
22.80274063885423
19.68098702011152
17.71890755615763
52.000677207562944
13.486314458240265
35.1146566919982
30.61832546577747
23.34372381429843
32.46752020183499
35.76233363322112
24.33485099046826
46.93207992252205
24.21356970506986
28.723094507320763
20.919496065072384
38.51809012049766
102.49227836147624
21.711687390677838
29.422435480292634
27.695156928169332
26.276516366581326
14.810570826919799
19.534081125530612
27.124854130783216
29.471625038174047
27.75330568048285
18.118267664085476
29.295624421516063
21.066228094357047
23.711241900149695
28.657439474642192
20.182154294746347
34.93869306234839
20.916986305216803
20.451802498587973
33.19894623489316
12.730646731808731
11.340292086068844
16.76818819199265
15.835135656474435
30.520470920149116
21.116491881583613
21.291348038777446
17.030058133772407
18.355423535825768
26.129799251412418
32.028058179140665
45.57762747538334
43.435697034153165
84.59597491610246
27.61063994382562
33.174955356960574
43.879473500825576
60.06244982008314
19.667397068863398
53.06512714820991
19.118795554014387
28.967478446396434
14.414435913722304
20.586062449053472
29.74761602320096
20.937948789073936
20.965996494045402
45.790559649494824
33.55838721445906
18.801727724522607
31.39399568960133
14.208118808431074
15.042918043492467
22.91327257140296
22.950444212283656
19.735973087488887
42.313294423675764
35.677319587102666
23.539740157581203
13.739762033115662
27.146648696137156
39.4679664299635
15.88968803521247
25.663613510982092
16.709608899571
25.0982254911992
14.724344498310696
25.337280867286093
20.76453210053363
24.963362530169036
40.27130042673457
40.053773047668145
15.498677835742926
37.47860582408359
25.596233992608727
47.72082638387052
17.221335855007784
13.374006153158504
21.260209560558685
16.70818689226987
14.518352800098839
58.715205445458025
36.50318510339113
59.41489098017588
29.639310577089944
16.720420267531907
38.1939110696773
12.771052870650967
33.4339489308803
26.684875692564262
15.086196287367772
25.75954588014392
22.23900418364722
33.88702689699011
20.110641157007397
17.64226469615169
15.817533567155264
33.55021375132494
43.789111459696095
20.201254766504555
29.26787839189937
33.15460045726018
17.941640666791823
14.603786914752181
34.5210828156887
14.144846957204576
25.644236424163825
22.48217895080741
18.466521858673747
20.364711779735
17.417932454427188
14.047653820052094
18.26862579212179
36.97155003100947
15.126606260773668
20.257207520348715
23.346209790503362
11.294461827398003
24.488427132242304
13.008214309539364
11.940551720588763
12.603359813013826
