cycle_time
24.261688461323875
32.86693832810202
17.151038882625077
18.115771642106655
44.91142725054953
16.874916587885064
26.335925230722214
20.397056715960186
17.021075593841534
15.014699200364836
12.63718710595399
21.64848849292745
15.846400561624455
32.557688754698376
16.292050130375998
15.878948331713962
46.79623291686528
13.542327032754066
19.479301875968172
45.22405525137783
36.298930028240434
23.04660948125604
24.851539674344952
22.369372357274102
15.174262194351133
15.044969385879595
23.905686931297247
20.048707862948618
27.213402597164496
21.385779515203577
31.680994472593884
36.37906921427303
14.309777214424432
21.74928203879819
24.364140305660175
13.795542526110472
21.850894191611147
38.29546500334346
52.058310521382495
20.866252969641568
14.419794955482695
24.452452616605324
23.03856543526858
10.865539544852945
18.1759683811748
18.930019880944975
64.04430163001156
20.157818518082333
29.62148423138678
39.10425840079873
23.338980119058267
26.64515458630079
42.73953145695661
25.520709483793734
22.66154017451777
16.593260388786213
19.71982712646543
38.71436800455065
26.899012904122028
20.370369258848438
33.08279490685599
25.614832332987177
24.117959810591916
22.20310245725927
34.60465654761661
14.90497159041575
27.264057914600794
12.65421789331017
17.31718911400288
28.078178885755065
25.914640263167314
22.61410712283277
35.58759567689502
22.72527441523277
31.60506804121997
20.219988168264692
26.4756748983623
16.623553737824782
39.44703843617819
24.527153569494494
17.791683273398384
28.611497377204447
34.222484369874266
19.297402465452702
27.893906522639114
14.22676367291165
19.503919516468006
11.335295460617122
37.939363815261615
18.30791140251627
18.804214627602573
13.524908099837345
23.140927326170008
23.8666860101892
31.577279290322927
20.44487482875138
24.77051151963508
21.459301760792368
25.65003347687219
21.490814815310642
22.009671087467478
22.868479293944432
36.24636251705692
19.26899116521215
23.01155250377728
22.283457626640903
23.09067776857135
31.394937438557157
21.29316353395547
18.217798583700162
19.97611190878218
51.15969860391476
26.158514524603714
26.957180971842426
20.21211294883035
15.116052693848202
24.681494562795702
32.207620807834324
51.08136666490439
26.76879254082344
28.405935457572262
18.981979376094284
17.89053852768103
27.894533072040588
22.396865803693228
44.295444263279734
17.81438017702565
27.09778585626654
22.545159656124138
20.358920374812065
18.733817504612006
29.795339980049583
24.72421917228468
21.499916335300558
28.759725822260222
16.642191128420567
14.609585640435341
19.959614918444643
33.74815506620031
50.19206644194799
56.58521433029074
22.84505926063521
97.96188908561497
22.649083988065307
47.81194528492921
30.299063446283075
18.216578915456104
41.766014822418775
15.608166135308599
16.455170906746137
23.287872064204812
19.337728965516767
15.247368549313736
67.1753463270463
25.677950924980937
17.380884383994903
27.50173891778278
21.45906128312797
22.457964676008324
40.759586155332926
24.902091488965098
12.783992315739376
16.488337705143717
25.36392841411904
16.273400901223894
18.04914233624714
21.835796980775076
15.51580609935708
15.580889778801614
19.042322573039375
29.808404407022692
20.295428785720826
26.48087157878021
55.30152119767838
19.868802772179006
22.56248281541136
44.908674495736406
19.927042183808734
23.69129825210152
24.100461352427285
19.301466637279066
16.213054086813166
18.10794788646773
21.27336512770861
28.080104390224832
35.02916006412563
23.472340950631757
20.440367140179468
31.686095334695676
47.52184106724013
24.696534584885782
20.088682578951943
17.505508043033352
49.621974338012656
84.49109564923788
34.38178185797454
38.81601876870879
35.341617604974616
38.010907452495424
15.584536674493595
12.776295734011295
13.577677361729716
18.1351395901148
21.504617102137274
17.802162843287206
16.655595444982787
19.475243737300136
21.633339571370193
25.18479327185616
18.76892217846601
8.418829594015797
22.05843009395793
28.91457901906444
16.09603769428916
20.27095089179095
19.84694867806763
23.617415468225108
18.31989149751549
52.58446752221244
24.612888827374363
38.18855144143669
23.226930680012444
43.185490655769314
24.47817400858147
39.48463451020303
13.43665514416422
21.86131118236344
147.95896746247715
19.71964722379679
55.25629011471932
22.027058597424336
23.636343345742695
22.845484588108878
19.96245630462674
19.095865257431328
23.15315703372044
16.245028027278455
19.320709020847577
20.850438109282834
22.48657775754332
38.3596420454747
27.6624978640484
19.341924319789765
37.915777945309166
23.644700183521444
42.22745761152348
14.350654301254488
16.20792977940349
30.78208834491749
32.08672586766641
40.63492738601545
33.55730406473627
14.140769474980296
23.290016090491545
27.160404989347345
17.72727017750978
11.30845483450488
67.67341653234723
22.95399736002395
15.694206695861103
30.61025946445316
13.026008153414294
79.82482921313472
16.04775670351325
10.955886023458469
21.420374389534288
30.453812827007685
13.120470740299323
63.00246823719077
23.27646140362934
74.79145873015538
22.417136546909035
26.18329309994311
17.697205020383784
14.275211504768393
21.734668097123976
101.83250569278015
73.72682122734295
22.955876035981834
24.902474136452057
24.5593286309975
39.41998145727338
19.35278111302393
44.9712565745013
23.030562474387526
18.878637844066077
32.038650839418395
14.738040642788432
19.75181544159578
62.01103381231779
21.545336911475136
20.61281954391298
20.520723986211955
32.297550726074974
20.659418512486575
33.37444881300746
12.279681890473979
26.39210807820554
14.542182403066432
17.150155201189207
