cycle_time
12.09979774466744
17.90994888788095
11.814006863655438
20.144298560913608
24.46803831096688
11.68856514422053
26.82662108512531
19.163750075298
17.170141080168744
16.061459240917053
20.2658694984931
24.20409972872265
43.194277567636874
21.71158975088305
16.281625043138913
28.343940997854695
14.486992141996396
18.106811891462268
16.876643520316172
16.289406908728402
26.65184365755229
11.86848087151498
13.231025217005348
19.234704965646277
16.140438910474032
26.025308918863296
15.881954900497503
21.532633471047443
16.342607115166196
12.627442903400995
20.82633006188339
34.95972639879906
25.568198226715285
14.44070979499866
15.77428269879711
10.892835027506097
24.768974044252786
15.166060061381888
22.33807054018744
13.636141431381263
23.630261694643632
36.13529941421936
24.922039357571563
24.43287300703443
22.70383475149908
37.41579328273505
12.16415054982417
15.253841077742806
45.35689717386703
14.346462505250377
19.750969644899264
12.142320942137173
19.671771115408493
16.221157332045316
18.810469984702188
14.294410450714715
12.438901810959953
25.05531911941712
9.851363564105394
23.80437790704997
28.20977907148228
17.873132050953426
17.94712696670389
24.92065464221493
19.215824033464067
36.935310964153054
15.47092381337735
15.133225385652283
18.257990992438067
20.642177869495537
18.35650915712204
30.418996842998833
26.044698657207384
16.857883679661594
35.93576885265411
16.2796463825831
9.490583919851225
13.087462802530595
48.99987622892338
15.537786914538637
30.396714265192383
48.49587205857284
21.57312287893198
23.81742817589246
18.712427335729657
18.89970869033249
30.944026637471055
12.260718190738697
52.618144586621156
17.092679486529693
13.693863710945925
11.13054756705702
9.534217257703412
16.77108671234618
27.00493254884361
12.635400287757388
11.774220476308088
16.83504009867342
23.841067261118386
25.38316644915597
30.033453098198496
15.728712958568174
18.24150726671683
21.68099267871198
15.784679209378522
23.57376942628028
32.74931641829984
27.801649641343676
10.127253644435601
14.33512446756171
19.96197612137145
15.726181279102418
18.688510935345708
14.335115534008363
54.20653069111108
20.487190848768797
26.33277461573674
38.377942064461564
11.0089882873233
25.83218106288497
16.11761860229374
15.001368063268382
16.86263650030392
14.974837272728116
15.381950165503172
17.89171259197212
12.513246829219705
17.248497982172328
18.85688315456557
18.635704626876873
29.33696463015874
17.007786721368113
24.087462267565783
15.054101161634863
17.144197170441622
19.093844063576977
13.9884408409746
16.4003432368446
30.903912136913473
21.984474848184938
16.045289895755136
16.152150173654604
12.27580934617226
17.178804951156692
32.150513874110494
12.223959805803176
12.38761307114733
58.044822764109576
15.746714190314542
15.962152295574345
19.218410105953517
20.612288693961936
13.17701561397568
12.31132675667663
25.630474930170575
20.144108899175748
19.20748311344488
19.960978065012938
19.541047727990506
18.49416147780497
13.978291111968332
28.026870553332767
18.583636839163287
25.529647606746355
16.69629067297811
23.450776134739037
20.231970724474028
10.645817715094056
16.14026133370959
13.274918207887426
19.07933853924397
39.76245428163091
14.052080851061618
18.285679467470143
20.321310254276902
22.783466211620457
13.18591861069478
41.21324509126921
31.835135358085346
29.57582218615749
13.70884920648771
18.726981079187723
15.699126795962433
20.44071595920302
15.42966352008883
16.259108788808863
13.462807496381652
12.895740043204025
12.743681365652394
14.020642777246666
15.250068115386435
12.04837246900385
18.31527194271338
16.227550514611004
93.84556350652551
17.970618974219164
29.29665280309044
18.877238657106187
15.146876314234653
14.94514967811494
18.486650064038024
16.727842337551426
16.643817283981328
14.915874593280263
19.002780564732674
12.18914699907716
46.59553391103791
23.654559519513658
15.059418759095339
27.01745967154025
15.199600459861092
12.085477673612594
21.15100142942668
10.283829377281235
18.55289219009305
18.35991501385341
20.96568601704713
19.3348012155013
17.450049209024616
17.13975445114128
15.536464009002604
10.297587249300541
14.903414184453007
19.596305092417886
14.800493966879106
16.98881290349217
12.391504884044698
15.002992777876976
17.78274510881218
11.593281710959133
27.24617308235197
16.34813549900146
19.381923410454263
26.292438274383173
19.86359370485439
30.789625300163475
46.83688556701815
29.746446567658406
14.456757389819483
38.56765704785571
19.688390430966177
21.16666079541352
13.689397811138877
25.206052669988598
11.360746002144042
29.79008148615193
19.737730648231278
19.27876817464014
12.766155423661623
23.765122352783063
33.77387977665721
10.509454918671157
23.561020455676015
13.0707390390317
33.15874550481589
13.761419631240418
18.39849355621806
15.464896214562813
37.345166637808546
13.503452800907882
37.04163047528907
11.335018146135813
10.567051717641418
22.800692947250496
17.742468425630825
21.497269687034716
18.19927051482967
49.29337323723688
20.26855887268628
22.30784402654168
28.06555417654654
10.18180137650181
15.390858028062
31.88331349619342
13.71506389808483
63.26005108282253
14.358390007491973
35.38330230089265
32.02618867619938
18.810961824679065
20.98904050716427
29.708548603882917
21.01484472142635
17.454300992684537
17.12590136996824
11.973378453356325
13.098427592890017
20.63916272919694
28.947693809839397
33.69015995324033
14.999877624948287
14.267440643962185
24.181752798255506
53.31790937665517
10.837833144510052
52.95645748409138
27.685321279407695
9.613468641783296
18.515498508297735
16.791194708255112
