cycle_time
15.912508627777411
14.320738071363744
22.0449495916956
19.912416610284545
38.18601025138627
12.804930886826657
10.487614810873543
22.78998436364067
26.369693123210293
36.60315557245296
65.7655752784301
30.435038938585276
32.266385480847596
47.10867136421678
18.79559514375588
18.649590001637673
16.18311052354341
13.430768787566256
14.673716785461098
16.59603174719461
15.480469555744433
62.20449321263845
41.741703530721054
48.14172452507016
22.26708138494704
33.93358443730496
29.21917431300488
83.98897900719393
18.225274132662147
70.87541029313732
128.65047074166267
28.0607857660712
10.923850682576377
34.75722806042803
21.119960361892346
16.29691162810583
22.408763044665086
44.152927134582804
21.33651954690646
24.958946582586144
19.017464904966683
40.754100702858615
25.40519715589391
30.59018412113154
44.61979784714387
36.870219325172286
18.59724835056481
36.017951164488615
20.497112517095793
34.393351028316815
17.803511144790082
30.50267947067659
51.404118970787074
15.393830040025444
22.799784200771978
22.35662772608003
34.81978728912485
18.40553082694935
24.751882050347096
25.477649545930845
38.28364582358324
16.208896720166244
38.67633889954311
62.83969514515356
21.80408944612665
29.627909653213383
37.45038462025818
41.08368103386128
24.103631108977265
15.329218816752215
36.20089496303446
23.362608178879785
38.21160729504869
13.311145438131188
43.85344111684169
26.54471380860131
17.894321901706334
33.67714238618637
15.65214054190973
16.787431900999568
20.177888170950162
20.393545188217693
28.48402219205531
29.930872297782724
16.838943789711198
59.2466706147499
19.506936394258076
29.155044771911243
17.86376925085767
13.169333584909719
25.751699543093032
33.08045251275898
15.64640324866821
31.26327884722776
17.92085166809386
40.741553333441644
16.76440519834598
34.620819378429395
25.006156627187856
16.266112167534203
43.94986997505534
17.72374364445226
84.62264408024821
29.008306653386008
32.802540712564564
33.77619888517416
30.44516120395805
25.1788587504024
19.728947384591436
25.445918881610098
21.94543267431994
16.166114478008623
25.01903029264697
26.96036974039613
24.707266992445692
18.071253035379463
26.618332841681358
17.056196424940286
37.61925449193883
11.836125750338343
17.31658618633892
16.77697931230937
18.142139627853325
44.448973634741215
21.153448630201925
15.64822283874512
34.68603706932543
28.491364091651036
50.702115313981956
19.14350123277683
16.521404840878127
19.807548929001495
24.34533517801117
31.63282572192736
15.805814014499262
37.230312738150964
25.385551865523148
27.950332128920902
35.600920757128534
32.8015387285945
16.74046700851754
19.69272578915202
20.094271928246187
19.062578141305057
22.427711242798782
19.161598538522195
33.53224328534543
15.149289399656958
18.793806802211627
11.439254207308142
16.803325689516566
26.80444343893317
20.25982375358751
45.63632410806836
26.900015455609687
58.68346286369622
16.60429142747971
27.219185157776888
21.83416605002654
50.464261276516915
24.815232397638955
27.88910981065857
19.562055139834232
19.76057911765919
40.64180456657058
17.683438915639023
11.373566966491797
43.78804961920964
17.98634962228773
21.12557414136992
44.70430988863561
24.468663350473395
22.20535916493364
31.66172323287832
17.226941503044202
62.242318269600105
33.79191079244531
19.147595252749245
23.917988993594292
13.602128042876709
17.12899353345349
31.18610468098859
16.25699106277449
16.333878482030975
24.27395702484885
36.903620363692454
19.841558397957435
38.31810898087792
29.022933105713093
13.6979103895603
22.192149062059038
32.16384703714746
33.810497212366
23.497077272252945
19.302849735579265
32.33908119601123
18.01094489973048
56.923705451718014
19.14764453600529
41.14735974877295
22.68607339089673
21.550383654449668
11.190751627331709
33.541704433738936
27.063562101436208
30.37233492966279
17.97582133075808
8.091386508337617
25.186215024993945
16.471619004070813
18.426839164803354
14.194380331050041
14.731044369989474
22.123281769758012
20.421874461150797
16.516791085088727
31.281156845495207
23.11863204373864
13.446114968781735
21.457718363902636
12.364202340709346
51.387638049700904
26.802192912307813
17.358147382015773
24.024887936657844
19.502037340803312
80.15814191092888
13.25398334852343
11.781844348917451
20.20089918878128
20.939783027823463
13.552161505002145
33.10053553524286
18.675007281042372
20.35168137721089
21.22560371181938
13.242393680589652
47.21500610928352
23.43305604898502
19.77090180017377
12.35395304630896
16.34300224302364
13.620837691882409
21.16213512639271
18.772637069889143
18.661992418103317
26.013362199238507
23.98929072178158
30.336106855231016
32.53919768775657
14.514793176196642
36.913487268296215
60.87789764906701
28.194999050317385
32.989084674192455
21.6150079700702
24.111846343884867
31.41094926632995
20.554473969911434
19.049662582311086
18.112929185278585
17.86856912976584
30.990750676656834
25.601403383045778
17.968695027830154
14.954546138735651
16.110240337101324
11.50720086148375
27.06795941564454
28.02112526931474
15.334339544960338
29.495231119967823
31.64258263389671
28.555733361684094
29.198142370843634
30.806144589747237
22.106990744886925
20.750678508068383
37.39125956971223
32.17144512088154
24.411668304571517
30.33253040022428
15.561483161996055
31.15638414752204
34.341111669959474
73.1059640484923
28.953093418190818
46.72450210410985
22.019579348471243
23.313617959137108
18.15710503113415
27.961898366200586
29.37614000495881
21.830505668859782
30.74547013596447
17.192624490421025
34.318461925943765
84.82556626374023
16.831154155265185
17.641656380395652
