cycle_time
12.915848417691894
23.29977339288596
14.551448582322877
9.068453262566937
20.06918707914511
11.695161047831565
44.3971213548514
13.431733922476832
8.367782304421963
12.694213581378737
17.401728669810208
55.49281894533768
31.713628655656798
28.07701427478856
27.571432095127065
37.65967072680561
20.254239308008422
11.164206329416272
13.99688251488994
14.75226241253428
18.261471903570598
10.874578236616976
23.105016870775327
20.45059989002312
17.208417454988872
15.48077826717895
19.336618373724427
16.307645548161858
20.771667995926343
25.072389553114263
9.580729828244545
12.196555640866755
25.013760716339785
32.910876315324444
21.99928871540795
35.226051410154405
29.418208395630398
17.659965068823364
27.27303237250903
11.410935594436323
12.827542660290097
15.931140329887679
14.019923281091872
10.67853288929593
15.296635070876148
16.873139615898438
10.728711300895254
17.069195595486416
22.16096303623027
19.495867728686886
14.025336910699583
10.970331720776947
12.14008265909053
23.899378353175454
12.423351754421255
10.232022285646142
12.220944437950726
14.51808538668886
10.59733282754911
8.597926917911554
12.029364927522616
11.304803268463145
13.174625564907393
12.166307500384747
17.6115730709872
14.406538786204722
17.89833995172081
17.366022078311644
17.934290655476136
12.920650638469311
12.24761347127156
18.8889616566914
8.780917388942779
20.364534662595936
14.733164175203383
10.455645461953795
13.551341306634505
14.792842877028418
15.49418757990673
12.231695089855904
14.827412409253228
22.789083244561155
16.341704101210155
17.384891712239668
15.082295088671312
21.364652488480353
10.726854912114778
11.728383829529365
12.22062685938847
20.61191217313087
18.9541099474641
12.126680019519561
13.065588324436236
11.138355313470726
9.31271422541112
11.803207627099702
19.797407854884966
16.249435677339818
13.545490137767061
10.806403950119938
23.986694330850884
20.823155697983378
16.911541431020485
11.926126994775869
8.164071072962454
19.071435935932733
17.053981997076757
18.04638273123233
21.058027906980335
15.900472395580428
12.4896461341646
8.188382640274993
18.051676161661778
19.876431006588344
21.183903527403352
29.757402068081035
18.23641140641241
16.113513219392328
16.25365141884965
22.54258035397496
12.572257143286675
22.675356548100915
20.26906500266336
10.88766999087425
42.54465448641691
14.023291077315772
15.342436730859148
17.902127981557285
8.933054519897892
18.830092181799156
14.27834582840301
16.408465599434987
14.440880704951018
13.347384890301262
22.066654185131245
11.346659980963986
10.176312218127977
28.04392266625719
27.831696692995934
12.971541006165264
15.607870402153132
29.3414468275534
18.1587222374449
19.869062668819726
31.80182981585191
21.15089912904165
14.904750216453861
18.402780753246244
11.146773376513492
11.058717905170575
12.51222071108393
25.611055297231612
11.326546282112963
12.99460434514373
13.091757339061445
25.862720673619805
16.969727419369814
15.886102925926487
13.806626416787624
20.1848141382371
8.384853137238544
12.60983064302348
22.994822500791557
12.270437625917108
19.27076169769809
21.5127133506981
17.71390670490571
13.859997416137471
12.208535258133656
19.712379661465896
33.038711450453455
21.45345491367841
8.762682581276929
12.144790695517527
13.333438294623512
22.679658383377504
22.21985901255507
12.623977223051638
10.218320223134056
15.096594207885795
9.357020352658019
29.13921406818771
18.641647658392955
32.022488133102925
25.074731985149874
12.842064573913454
22.253270438397127
10.996435925878595
18.44567981569617
13.97127807266656
14.477818886004966
7.708454321047956
11.273209325813243
18.9524673930919
28.41514698059073
8.317907142305879
24.62494834153521
37.28751069244872
18.822446835881664
24.469758820675082
23.17868306031733
16.55430310262845
12.412256601886416
11.920884334895314
11.364131786445814
15.53750456879564
10.63674448912907
22.758045931878993
16.198856057179174
13.546108976915022
31.945200199035053
18.583814873887942
29.569194637133737
19.512153662009027
21.396112280552188
11.871689638889865
12.690623019871557
13.454035467496336
13.595265737854234
13.527873971635167
17.6767371328199
10.964315769864148
10.23461531240263
20.896887662829375
13.127783940971382
14.676874680036756
17.798232739377006
10.91359205724919
9.28366642237123
11.577253615586592
19.23032829456796
15.386319116813667
12.275465042013385
12.421541762985113
11.988461461012772
18.070398784034204
50.8874180100345
15.471372945704424
36.176376458979185
16.506325356005906
14.66053990479317
16.61258346404326
37.25849733713766
9.720613327198203
11.05949964960541
19.210068984469405
20.1408326706547
9.54385370317759
13.002477690844275
17.511289029471723
14.8927852846508
12.012340743623584
15.363809014410169
15.86713138425766
13.561869003594458
11.126081255288481
15.300370775424042
18.279081732953287
17.944147739753635
10.391493714659736
26.503445054927365
22.434338346864354
12.079112408488816
45.544034145772045
19.785474789217684
9.417856418900397
21.558471108297386
15.508899286185597
17.275442670472053
15.419761980287525
14.137685835655798
13.534815635785897
13.602428858572997
14.800942226567585
25.04214190622028
25.969685282273602
44.006287285778015
20.936241252316634
30.74742761626972
19.700445296401064
9.811293482470486
13.289287166480795
9.698888519380443
12.056666830597026
17.472094798588063
18.256883993759143
13.550167464154281
18.822644606622095
28.462701267070372
11.49861714245967
9.049437307354411
18.911058607267144
10.453899375375556
22.62737161112668
26.196045738762816
33.17346128549319
25.430049999803906
14.279267853353137
8.595674431389348
23.04266916224015
