cycle_time,spt_policy,fifo_policy,shortest_queue_policy,longest_queue_policy,postpone
8.568805335824914,732,1245,3,20,0
9.070477052718559,748,1224,0,28,0
10.822591989082294,745,1237,3,15,0
13.262963932238025,708,1250,7,35,0
10.513344627993808,771,1202,2,25,0
11.292719053801157,734,1240,1,25,0
18.649868311837093,789,1179,1,31,0
10.218472425067876,728,1249,3,20,0
14.090547426304743,801,1168,2,29,0
9.776275708209143,738,1239,1,22,0
9.476814910041906,748,1229,4,19,1
7.551818471306698,744,1227,4,25,0
18.67872928600631,792,1176,6,26,0
13.353014810187766,756,1209,4,31,0
9.620851153783502,752,1223,1,24,0
12.652299177571003,730,1251,1,18,0
10.63308552511404,758,1208,2,32,0
11.257252954864274,730,1244,2,24,0
9.45674017220257,734,1238,1,27,0
12.825505196928347,773,1199,2,26,0
10.798056975356422,761,1208,3,28,0
9.034540005261132,749,1226,3,22,0
13.368543882264389,747,1234,2,17,0
9.915549662181448,742,1241,1,16,0
12.293304963093721,773,1195,1,31,0
8.897746448910187,773,1207,2,18,0
8.57350424608517,753,1223,1,23,0
11.1982729469467,755,1218,4,23,0
10.277476193893563,740,1232,2,26,0
7.504284603249487,709,1269,0,22,0
8.69211936660926,717,1260,6,17,1
10.931166618237711,745,1232,1,22,0
8.393108901624698,773,1198,1,28,0
9.370141535483386,728,1237,3,32,0
7.865217239907836,733,1235,7,25,0
14.346161630702804,761,1204,4,31,0
8.817990052917137,740,1236,2,22,0
10.74569784680834,792,1181,1,26,0
9.612826734953105,720,1251,4,25,0
17.649541351607215,763,1205,2,30,0
12.48587547565901,759,1214,1,26,0
11.003498542790556,755,1217,0,28,1
10.974458398355814,763,1211,0,26,2
9.861294012639808,736,1244,1,19,0
11.169560525398358,766,1208,1,25,0
13.98133482067653,785,1187,5,23,0
15.472178124189526,761,1206,7,26,0
12.372748941384861,720,1255,0,25,0
8.471899687584042,732,1242,2,24,0
9.065134385459451,763,1219,2,16,1
14.375237723369098,829,1146,4,21,0
13.04869225772484,777,1195,4,24,0
11.168126427318132,748,1230,3,19,0
11.466267695859754,746,1229,4,21,0
11.790261999437334,746,1224,3,27,1
8.659415515813189,789,1192,2,17,0
11.32316970500295,773,1200,2,25,0
12.589270735648451,779,1187,1,33,0
12.805251129758458,759,1207,3,31,0
8.669863657797624,737,1235,1,27,0
9.816091996311918,745,1232,2,21,0
12.523992384860255,737,1236,2,25,1
13.710030628574394,778,1201,3,18,1
10.310136279385285,752,1220,1,27,0
9.335653989043553,706,1272,4,18,0
28.619239029387007,790,1185,3,22,0
11.73175180010229,760,1217,0,23,0
10.288998685738363,751,1223,3,23,1
9.28772721384613,742,1227,7,24,0
12.411154208795187,797,1178,0,25,0
15.213836519576311,777,1191,0,32,0
9.583792086423319,725,1245,2,28,0
8.292091314896075,739,1233,1,27,0
9.919196952779377,752,1215,4,29,1
16.11046647856531,793,1182,3,22,1
14.477242038022776,765,1207,1,27,0
10.01075341971607,753,1229,1,17,0
11.584473963223424,705,1267,2,26,0
13.282893825580915,770,1201,2,27,1
11.060912699276637,771,1201,1,27,0
14.76712002066605,762,1206,2,30,0
15.105804316072478,728,1244,4,24,0
9.11663614879368,740,1240,1,19,0
15.503414936921713,750,1222,3,25,0
9.978968384142432,783,1192,3,22,0
9.686629781899727,776,1202,0,22,0
9.599046011051392,728,1245,1,26,0
7.754190548752635,759,1221,6,14,0
14.868049468889975,758,1206,3,33,0
11.273715989573075,760,1199,4,37,0
10.722631034965714,760,1223,0,17,0
10.302738650013708,751,1217,3,29,0
11.195915097885923,768,1205,1,26,0
15.648579315118045,741,1220,7,32,0
10.310440561763627,757,1214,3,26,0
19.95203012198829,810,1164,2,24,0
12.18569082804767,756,1217,4,23,0
12.432193350285488,764,1213,3,20,1
12.64378307947879,762,1204,2,32,0
9.424551732432661,752,1223,1,24,1
17.641169095566728,773,1201,2,24,0
16.05009884371423,778,1192,4,26,0
15.0639515758257,760,1210,3,27,0
11.886919507227942,718,1246,1,35,0
9.839888874748494,685,1288,3,24,0
12.636595947150097,777,1193,3,27,0
9.85261543744467,765,1204,2,29,0
17.182635744107433,764,1218,1,17,0
9.51860940758953,733,1235,0,32,0
11.290744903335673,734,1237,2,27,0
12.557354923801247,739,1238,1,22,1
9.756014042607418,743,1230,3,24,0
9.385615849576075,744,1223,4,29,0
14.281539966045244,742,1230,0,28,0
7.453458601403747,726,1252,0,22,0
15.247928356743174,754,1223,2,21,0
11.720540659698907,802,1178,2,18,0
12.106788746652715,769,1204,2,25,0
10.264665857792833,770,1216,2,12,0
12.073815702903014,772,1204,3,21,0
11.846013691141845,746,1223,0,31,0
11.610369684480451,756,1226,2,16,0
13.20113879781801,770,1206,0,24,0
11.35474290255434,751,1216,4,29,0
11.362985628070811,751,1221,0,28,0
13.29552920259464,777,1195,0,28,0
9.624805406629092,762,1212,0,26,1
17.10384234445907,759,1212,1,28,0
19.130552198675307,776,1203,1,20,0
10.72744988948366,757,1225,4,14,0
14.699007993439421,786,1192,0,22,1
9.406743672490396,756,1214,2,28,1
9.916036917246807,717,1254,4,25,0
8.561503037106524,713,1257,3,27,0
11.460923930481897,761,1215,2,22,0
15.620988531186388,788,1190,2,20,0
9.212316899826293,731,1241,2,26,0
11.684602758211218,755,1211,5,29,0
15.759236805515737,760,1217,2,21,0
9.47345816699809,706,1258,2,34,0
16.496591794491714,771,1204,1,24,0
8.992686425633115,746,1231,1,22,0
14.09572107923008,737,1235,4,24,0
8.040811838153292,734,1241,1,24,0
13.271881319563624,784,1198,1,17,1
14.301835786752058,771,1206,2,21,0
9.294978893828816,745,1234,2,19,0
9.903752883507469,756,1216,2,26,0
10.165362823281548,763,1213,3,21,1
14.572376057285126,784,1194,0,22,0
13.807073562149265,719,1251,4,26,0
12.879033492672884,742,1226,4,28,1
15.138956169561053,778,1204,2,16,0
9.507554262902964,728,1245,0,27,0
9.350359858713688,721,1257,0,22,0
8.005954191776285,726,1247,1,26,1
15.867067563275818,755,1210,3,32,1
11.526836089257415,755,1211,0,34,1
11.471573527865031,756,1219,4,21,0
8.863543295681627,741,1240,0,19,0
11.795915049348334,779,1189,5,27,2
13.386884674745373,761,1224,2,13,0
10.221298109885065,758,1217,5,20,0
14.473894393727981,759,1213,0,28,0
13.664009891897667,803,1164,1,32,0
10.110600883843315,801,1175,1,23,0
21.743787827033064,773,1200,2,25,0
8.392910085355805,724,1251,1,24,0
14.070604041764382,775,1204,2,19,0
9.230908625862947,705,1263,3,29,1
10.481809380932251,725,1248,2,25,0
14.073917297829066,786,1182,2,30,1
11.310506122812006,771,1207,3,19,1
13.169613272273619,770,1203,2,25,0
13.614401678774545,788,1191,4,17,1
13.115548141979865,750,1221,3,26,0
11.582268279416002,750,1227,1,22,0
9.882616641566939,721,1248,5,26,1
7.558323673546122,713,1261,4,22,0
9.491114340643733,735,1244,3,18,0
8.53163096012165,722,1251,2,25,0
12.28759864615685,765,1205,1,29,0
8.106581244278695,691,1293,2,14,0
10.962126534434907,779,1185,0,36,1
9.605182941361155,716,1266,1,17,1
10.126956007896856,791,1193,1,15,0
8.561471648674988,725,1246,3,26,1
12.106798986842971,764,1219,1,16,0
9.779043524805562,774,1199,1,26,0
13.264511719410788,796,1177,0,27,0
16.985825029987467,783,1199,5,13,0
8.633178226664702,769,1205,1,25,0
7.583609115037553,746,1233,2,19,0
13.431211871632454,791,1182,4,23,1
11.506074862039455,705,1270,3,22,1
9.904385935054266,751,1217,3,29,0
10.61354892941048,723,1244,1,32,0
10.681536165759692,721,1246,2,31,0
8.267446896464367,704,1264,4,28,0
10.308483875129786,746,1227,2,25,0
19.204462921131395,762,1212,0,26,0
8.72989004179848,685,1282,1,32,0
10.627567934477636,728,1237,2,33,0
10.864203465074175,752,1225,1,22,0
9.756230895005206,783,1195,2,20,0
14.010992391942384,776,1196,2,26,0
10.41408373628933,736,1230,6,28,0
8.737638244098745,707,1272,2,19,0
10.232922640591603,739,1231,1,29,0
9.704759456687832,756,1219,1,24,0
9.997201378096804,717,1258,3,22,0
11.161738267058155,734,1239,3,24,0
11.194224803584273,755,1218,0,27,0
10.423084054092655,747,1217,1,35,0
10.257271043949471,746,1218,2,34,0
9.255448877058386,710,1261,3,26,0
12.015085531253353,720,1250,2,28,0
9.034040032391296,767,1210,0,23,0
21.791965468475368,791,1177,9,23,0
14.105969082549787,771,1208,3,18,0
13.729943973665128,727,1250,1,22,0
9.209121811755654,772,1196,1,31,0
10.72553821879086,735,1242,4,19,0
17.201837608043792,756,1209,3,32,0
8.445922355031218,772,1204,1,23,0
8.564728506740508,776,1200,2,22,0
14.959313354407218,808,1164,1,27,0
10.389307879621795,753,1227,2,18,1
10.560941125867172,755,1221,2,22,0
13.983838651528062,807,1170,1,22,0
13.992934953028866,772,1201,4,23,0
14.369029944181191,738,1230,1,31,1
10.266128031382895,752,1216,7,25,0
9.550897708625739,732,1239,2,27,0
10.565267912930775,742,1238,2,18,0
14.200892661340195,759,1217,3,21,2
7.173965475107256,763,1203,3,31,0
11.200121205687692,719,1256,2,23,0
11.16751511019522,734,1237,1,28,0
16.850557296080567,801,1174,0,25,0
13.126008023577652,765,1209,1,25,0
9.31069650967363,742,1233,0,25,0
11.376860487783848,756,1214,3,27,0
9.766020323168043,755,1231,1,13,0
12.397701499371355,777,1196,2,25,0
13.862327026025836,763,1209,2,26,0
12.257421494629044,711,1258,3,28,0
11.815035058400492,762,1210,1,27,0
10.568470481647973,754,1217,5,24,0
13.996005384838528,752,1221,1,26,0
8.628639075324347,711,1242,1,46,0
11.169867091194629,762,1209,4,25,0
9.317998423718551,777,1200,2,21,0
16.087030759297914,808,1173,2,17,1
9.257948910867627,761,1210,7,22,0
13.835234235782364,789,1188,1,22,0
11.876636782892081,771,1191,2,36,0
8.461399109059386,744,1230,2,24,0
10.79446369744689,722,1251,5,22,0
12.62278853653118,778,1196,1,25,0
9.484715541025823,773,1208,0,19,0
15.867043880658814,801,1172,2,25,0
9.206375366386977,715,1269,0,16,1
12.016708689664421,792,1172,1,35,0
9.560589894648635,727,1243,3,27,0
12.30993716370731,746,1225,3,26,0
9.173527449561917,746,1226,3,25,0
15.693028632579248,784,1192,2,22,0
17.142607642254433,823,1163,1,13,0
14.421496804319315,745,1225,1,29,2
10.106266437664521,761,1212,3,24,1
10.925398905726176,742,1225,1,32,0
10.349371558403144,728,1248,1,23,0
14.125137987868195,816,1159,0,25,0
13.088913330063376,779,1189,2,30,0
10.023858934923956,741,1229,3,27,0
14.131219930401741,776,1202,0,22,1
10.96831376030846,753,1217,3,27,0
10.751241905267095,791,1186,0,23,0
15.156416951981637,754,1221,4,21,0
14.855362004043663,769,1202,1,28,1
12.04854396237693,774,1201,1,24,0
15.187277061662067,739,1234,2,25,1
11.123136842992615,735,1234,3,28,0
9.924649571947928,788,1189,4,19,0
8.93899843014126,711,1267,2,20,1
9.394558676069105,741,1240,1,18,0
9.988467851596216,731,1244,2,23,0
10.453251848846033,771,1199,0,30,0
9.528295689383532,754,1224,1,21,0
12.285115651367905,758,1212,1,29,0
9.652554017075152,741,1241,1,17,0
10.970759361950142,765,1213,0,22,0
9.25628860536312,742,1232,2,24,0
13.210137526900313,774,1192,2,32,0
12.900211956212553,780,1206,0,14,0
9.771236281170765,711,1268,3,18,0
9.583692977771795,746,1229,1,24,0
9.279951771748403,738,1226,5,31,0
8.526292974150765,746,1225,3,26,0
