cycle_time,spt_policy,fifo_policy,hrrn_policy,longest_queue_policy,shortest_queue_policy
5.575875723567828,5136,40,39,25,269
5.734761098114485,4385,622,249,97,196
14.085800258968552,4897,201,3,145,410
11.653076655953429,5189,147,7,11,273
6.90858260317245,5158,92,17,38,191
3.3772384955367967,4926,262,90,71,208
9.855749950432193,5329,110,13,22,177
8.739210380781023,5240,145,9,69,160
5.45688469390899,4836,421,57,28,290
6.1287700310377815,5246,188,6,48,123
9.37690195940657,4762,261,10,100,472
7.662167736878523,4380,704,124,97,255
7.002368966694702,4735,412,1,76,389
8.824386589155457,4972,229,83,55,270
8.458936142895551,5073,71,14,28,475
8.030222559513359,4727,545,52,43,157
12.003147063124972,5076,51,115,89,218
5.126947529718543,5184,225,25,33,176
8.081094729277941,5126,248,2,61,219
4.946577897937929,5031,79,12,128,381
3.931629233703133,4028,931,9,296,346
9.398489891337508,4963,293,32,43,222
7.51881598706766,4520,570,71,92,303
8.874260942421387,4715,402,26,71,353
7.851147428896696,5236,99,28,41,177
14.987923117997637,5305,33,66,14,154
10.8741226644462,5174,57,51,104,205
9.780055802473383,5112,139,8,75,227
6.920454679121061,4914,89,68,62,445
9.556171701446127,4927,130,33,22,414
5.6212503371941684,4970,119,26,227,275
6.714319321027266,5200,31,5,45,230
4.073961723685019,4922,141,132,114,242
10.55970442726192,4917,168,201,66,274
7.475481265707296,5172,193,5,65,256
4.907052845622702,4600,419,26,121,352
17.69081518412228,5303,91,37,53,83
9.364568239842194,5146,58,7,22,426
7.25158442010392,4750,263,8,41,345
7.737551776981308,4923,162,23,17,423
8.078651693829825,4976,175,156,53,285
6.609261626351655,5260,114,12,63,259
6.762104402003458,4458,391,51,165,408
8.108428319608981,5112,217,12,45,134
8.787054448177944,4919,168,138,16,318
28.0904390167712,5416,122,11,31,45
18.50965089883059,5358,102,1,54,157
8.425326764303414,5117,84,19,55,259
7.147634923986737,4896,343,35,37,319
5.794862141090669,5054,196,59,48,226
12.313947565502293,5170,83,57,50,305
4.409919402824134,4979,360,39,86,240
14.173120276423555,5385,69,13,4,108
8.398215460035669,4523,520,269,63,209
6.803021849484112,5075,126,56,20,291
7.607054153570882,5019,192,91,43,318
5.246182028299708,5028,264,35,53,207
6.042026427653721,4832,468,41,25,261
9.602988922874143,5139,168,24,44,162
7.846719293151156,4968,242,136,40,231
12.396051464775875,4978,224,29,96,255
7.012374168880827,5068,284,81,50,160
5.135996771007309,5257,42,41,41,255
6.708835697562945,5030,310,3,102,201
4.798616368533784,4899,148,24,197,284
8.709085553354202,4351,934,15,86,259
4.716267220708744,4517,630,28,101,284
11.817349941608716,5256,196,47,48,75
9.724262364913361,5308,34,36,14,234
4.510621290778492,4573,491,36,40,409
10.374458893874962,4946,95,4,58,425
8.656122794968876,5182,120,28,97,132
8.160975010080406,5299,48,2,63,213
4.074345155999985,5099,127,111,148,160
12.448367660906243,5258,158,13,25,205
8.033286588427645,5042,90,145,271,134
7.122021430300464,5150,198,9,111,126
10.28901639886165,4825,385,62,190,150
5.813716354666355,5050,102,39,21,320
9.433767457409735,4870,151,105,32,368
7.450537225034332,4969,183,44,59,269
6.313330840115779,4874,209,136,35,348
10.744321628123298,5160,43,13,64,285
10.578554150135897,5177,80,59,38,182
9.499513054415178,5018,140,48,114,238
7.4091165268873125,4720,493,124,79,249
4.863838985797914,4954,255,74,36,296
12.558579885551111,5347,170,13,0,128
6.8418190609061496,5090,61,96,37,216
6.422892250691395,4773,558,16,77,209
8.568135830372029,4674,233,34,142,493
7.8220978037722055,4929,86,165,190,197
15.855009790226223,5300,90,12,83,145
5.795300823855211,5007,245,12,106,241
11.842870025607054,4942,245,80,47,260
5.660276729765776,5085,50,29,110,366
9.32139038385515,5296,104,12,40,211
7.159100789350047,4991,340,43,49,198
8.228587180117799,4807,287,114,62,329
7.490432312650207,4472,642,49,182,247
5.18374790592163,4513,581,7,230,320
7.997282500501676,5055,298,41,34,159
11.658514426302853,5166,152,18,64,160
5.599747623592244,4908,260,90,55,245
4.5409897366534455,4528,376,64,245,290
10.43815559838817,5171,323,41,25,162
5.603696580463628,5003,188,23,83,294
9.842708841817265,4981,331,20,91,225
10.56168994408746,4939,218,31,137,267
6.412230931673993,5008,185,46,212,206
6.492247048963364,4861,366,129,59,260
6.216782037380808,5013,382,72,54,98
6.476649195861593,5162,19,84,114,202
6.636512036657843,5171,185,28,91,185
6.085770480705428,5092,168,3,70,197
4.576789207651146,4968,211,35,123,202
15.763202219645077,5135,256,25,50,130
8.455140918392907,5071,70,100,147,217
10.00843086008274,5272,139,71,67,133
8.713357544561642,4897,159,81,147,187
7.922321809563704,4933,130,187,43,271
7.801607772235556,5118,100,9,50,281
13.391627646429484,5015,204,10,79,273
10.950358169943256,5022,233,74,76,179
7.130292582034644,4980,206,9,39,359
11.143783948166854,4949,248,13,61,270
8.191762021900134,5335,34,9,64,138
8.879687524433034,5001,255,57,79,223
6.696373356833163,4856,278,12,62,305
9.292099180267925,5029,138,92,48,258
5.466288494032743,4654,382,28,66,427
4.395943744852858,4908,255,18,110,220
8.132549527750417,4730,576,14,49,284
10.867635437629474,4956,389,27,66,137
7.139139603561406,4870,168,38,141,358
6.7696040047950214,5139,172,18,115,175
6.837588844136251,5006,234,60,35,210
11.830829521883473,4996,129,61,102,321
4.786554286231003,4934,191,81,82,270
7.6795220147065875,5007,184,13,211,149
14.88390534234474,4985,323,10,87,283
6.291489816766323,4993,290,12,33,181
5.542710522653937,4594,286,71,107,541
12.132817479998202,5226,42,97,21,240
5.043390204932125,4460,443,143,145,245
7.599095681009173,4513,755,16,75,216
11.031821313870603,5145,131,17,23,213
4.509316732741634,4861,382,86,52,328
11.186864504213187,4532,385,96,22,497
9.502014419043377,5026,199,8,41,367
12.585854458289024,4891,101,66,49,428
8.551391750436734,5067,84,94,25,266
5.719822824786617,5076,219,55,67,192
11.794386031579297,5289,114,29,29,151
12.216726574087591,5258,60,17,16,205
8.246011929247123,5185,230,4,43,184
8.997944073821095,5177,232,29,74,112
13.904387398277422,5120,72,13,165,182
12.4365099121604,5253,108,21,62,163
7.904540762367498,5002,135,76,117,265
9.335080817863734,5048,175,8,95,269
4.130027885071901,4934,147,46,74,371
8.70520694740171,5077,66,39,126,141
4.0221073347231195,4802,92,4,76,575
4.911833802544125,4616,434,46,107,402
11.003424259140171,5148,156,8,39,205
5.3182579924012225,4872,183,49,46,478
7.160319302898359,4465,363,331,51,359
13.619718686978871,5069,93,15,59,431
4.149753404320613,4306,394,144,29,651
9.864157291625723,5077,177,10,82,260
7.7648730822628265,5165,59,57,29,240
8.538517600235897,4943,482,12,41,137
15.063395929759245,5142,312,13,72,112
4.7973831556572994,5025,116,6,123,356
8.564118564960344,4870,333,41,76,297
8.20161555056867,4985,294,15,30,236
4.99774015157991,4909,432,55,68,117
8.9067250813477,4960,214,39,128,165
5.491479601613738,4937,456,5,25,144
5.0491517236315016,5083,22,128,134,236
12.47553952852435,5156,272,23,16,150
6.219560861816023,5191,158,13,77,167
3.8366635325403107,4728,225,31,72,445
7.985208933983574,5175,184,1,87,52
8.94170488561736,4986,254,51,126,257
7.938344104482901,4857,331,146,23,198
5.8789564079136,4360,995,4,55,184
8.737953843345261,4984,267,152,54,133
12.449259302841469,5253,18,26,47,199
11.589125621839813,5239,68,67,24,181
13.310983167603563,5180,100,227,39,133
5.595102064345669,4996,118,38,58,348
6.812784947745407,4889,235,14,217,220
9.927570953908559,4933,276,18,29,346
6.840448240961694,4797,52,20,64,658
7.601647790151354,5129,97,93,67,192
7.233981381628199,4546,658,95,15,170
4.962940124684283,4895,237,3,57,322
7.061858738026468,4903,345,13,94,227
8.827033892942456,5337,45,14,42,163
7.136085039101908,4573,562,3,51,390
6.67346015255982,4904,345,27,37,221
8.416216343388662,5132,59,13,85,215
5.646933780155532,4978,153,30,86,352
5.893538680973993,5034,135,51,110,272
7.373273654979515,5357,52,22,2,117
7.710719343654736,5253,57,5,18,158
6.365867766978501,5107,110,74,32,378
14.75769880423896,5071,179,23,40,191
9.229358984798976,4924,272,6,116,245
8.211377883041655,4964,154,34,20,396
9.597453851406259,5189,77,38,71,200
5.265288692976692,4839,343,19,85,260
4.715780441808241,4330,548,224,151,397
10.225100427932878,5294,37,14,46,224
7.460376696978204,4904,270,104,73,235
9.92708552719946,4713,460,31,60,401
4.299919134823693,4794,403,14,142,297
7.269842514924266,4973,292,32,86,211
10.900834721583836,4676,607,60,20,251
8.85473482787276,5030,216,12,56,198
7.160765320897612,4953,189,53,101,208
8.5365996199039,5073,187,44,47,252
4.865895900515757,4852,189,14,292,200
12.007548391879785,5164,148,91,19,195
8.329234625232248,5253,150,29,25,177
6.105321747822781,4730,383,19,100,324
12.024615864797365,5222,288,6,33,51
6.305345883680581,4803,352,62,88,317
5.404840423258121,5110,292,12,123,120
4.649961273632695,4852,326,7,52,370
13.851544021030966,5364,62,77,32,164
13.927893762295154,5296,62,9,83,167
9.201151016086012,4971,310,101,54,161
8.025888194306885,4865,312,7,76,389
17.146701915616884,5302,42,25,74,84
11.510283440299697,4635,437,35,121,359
5.896621725515674,5155,116,12,17,296
10.146410297599546,4537,324,59,203,441
4.262431468160536,5124,198,3,16,237
8.660610113352389,5227,91,4,86,241
9.46508538639412,4325,732,265,12,304
12.475652584818468,4930,161,17,47,409
11.509658756150891,5288,16,15,70,150
10.18062065858293,5003,148,49,148,137
6.93132577051184,4666,467,15,119,305
5.932529459319989,4897,260,50,25,323
9.344749082643848,5049,163,7,99,254
7.850478640260464,5240,98,5,66,169
6.946662861435779,5068,140,38,87,297
7.335211202717516,5093,132,74,30,281
10.955268824713386,5136,93,8,40,371
6.325599709817245,4771,497,13,30,307
5.644142108788077,4745,569,16,27,256
6.645277477599839,5095,232,54,45,270
9.002029009953754,5090,228,61,112,160
7.499890925611992,4988,77,64,211,218
6.578755702232552,4715,341,88,72,329
7.162712727149832,4931,325,13,66,239
9.479528528153736,4985,167,68,51,460
5.726018038846007,4725,440,32,69,317
5.989336905874482,5162,73,55,131,125
7.745307585970792,4722,460,73,61,303
5.655800323502864,5152,116,74,46,198
8.569259412689096,5105,83,83,118,145
13.933441731968134,5291,97,3,34,101
7.014642783777919,5016,218,22,35,214
7.509050967235045,5015,147,38,7,325
7.170170509276741,4690,52,341,14,440
4.328457179565625,4834,180,59,91,441
7.488943866014628,4973,297,23,96,226
5.4431098831678435,4758,495,68,39,267
17.202938318196306,5233,97,23,54,226
6.281215027396802,4804,461,15,69,315
10.507814762239246,4611,537,20,156,260
9.075379134030229,4593,219,41,183,473
7.277753238809226,5275,116,94,33,162
7.025245800268902,5155,78,57,140,176
14.062842274121563,5213,95,61,11,138
9.610772266003545,5083,205,64,63,102
5.75571718935624,4807,182,74,41,525
5.9627056154485905,4662,518,61,101,341
6.718063644593665,4462,775,137,8,224
3.783770476107797,4785,448,5,134,248
5.819411150228218,5027,188,10,224,199
9.952117184270218,5070,194,103,70,145
4.727136990874192,4751,283,17,126,367
6.727151514039171,5012,128,36,11,432
5.792440110896283,4705,470,17,76,263
17.1447666952188,5433,31,12,48,136
6.630938071178377,4619,472,18,124,351
7.132695177061419,4376,637,9,131,417
7.222111026826463,4882,217,70,31,404
7.924148472853581,5331,99,24,43,152
8.554470006561212,5146,118,35,92,188
10.34193384287193,4930,270,54,35,218
11.320358712240157,4796,308,57,122,366
4.237572665325581,5133,110,4,105,284
13.001208938723895,5230,163,58,90,68
