cycle_time,spt_policy,fifo_policy,hrrn_policy,longest_queue_policy,shortest_queue_policy,least_flexible_resource_policy,most_flexible_resource_policy,least_flexible_activity_policy,most_flexible_activity_policy
9.105217396355103,0,0,0,0,0,0,0,0,0
4.878027340321231,0,0,0,0,0,0,0,0,0
9.787689154342974,0,0,0,0,0,0,0,0,0
6.643367309456941,0,0,0,0,0,0,0,0,0
5.8212719170082865,0,0,0,0,0,0,0,0,0
10.45909578857884,0,0,0,0,0,0,0,0,0
7.97606684675922,0,0,0,0,0,0,0,0,0
7.05134730187291,0,0,0,0,0,0,0,0,0
6.837492782843017,0,0,0,0,0,0,0,0,0
20.793213124351883,0,0,0,0,0,0,0,0,0
11.482893300536787,0,0,0,0,0,0,0,0,0
9.137230443193188,0,0,0,0,0,0,0,0,0
12.922638510122752,0,0,0,0,0,0,0,0,0
10.626532449949051,0,0,0,0,0,0,0,0,0
4.474055202996531,0,0,0,0,0,0,0,0,0
6.2638382322566315,0,0,0,0,0,0,0,0,0
6.607402798530958,0,0,0,0,0,0,0,0,0
7.786997904499968,0,0,0,0,0,0,0,0,0
7.804277370552225,0,0,0,0,0,0,0,0,0
9.230775302355266,0,0,0,0,0,0,0,0,0
6.724714734399643,0,0,0,0,0,0,0,0,0
6.032124782530825,0,0,0,0,0,0,0,0,0
8.161006533308756,0,0,0,0,0,0,0,0,0
7.645852167786496,0,0,0,0,0,0,0,0,0
7.973305759781354,0,0,0,0,0,0,0,0,0
12.154615479523018,0,0,0,0,0,0,0,0,0
3.168038365547359,0,0,0,0,0,0,0,0,0
12.057643820904921,0,0,0,0,0,0,0,0,0
7.689262425838875,0,0,0,0,0,0,0,0,0
10.54643298842374,0,0,0,0,0,0,0,0,0
5.547293295067579,0,0,0,0,0,0,0,0,0
7.646840694751807,0,0,0,0,0,0,0,0,0
7.560470936273751,0,0,0,0,0,0,0,0,0
6.967373705180358,0,0,0,0,0,0,0,0,0
6.921664802243338,0,0,0,0,0,0,0,0,0
6.757522670795709,0,0,0,0,0,0,0,0,0
11.488107360035432,0,0,0,0,0,0,0,0,0
6.263788607161166,0,0,0,0,0,0,0,0,0
5.610801498877217,0,0,0,0,0,0,0,0,0
7.322751189039406,0,0,0,0,0,0,0,0,0
10.929529363161516,0,0,0,0,0,0,0,0,0
4.757678622132162,0,0,0,0,0,0,0,0,0
8.742277220249877,0,0,0,0,0,0,0,0,0
7.852114658104231,0,0,0,0,0,0,0,0,0
6.547488680783989,0,0,0,0,0,0,0,0,0
6.400633054439823,0,0,0,0,0,0,0,0,0
8.86942315168007,0,0,0,0,0,0,0,0,0
5.372565292184177,0,0,0,0,0,0,0,0,0
4.846519616807769,0,0,0,0,0,0,0,0,0
9.28591214699776,0,0,0,0,0,0,0,0,0
6.9688496882974675,0,0,0,0,0,0,0,0,0
4.610160549222247,0,0,0,0,0,0,0,0,0
9.320893750425512,0,0,0,0,0,0,0,0,0
9.250236374561092,0,0,0,0,0,0,0,0,0
9.086252851780651,0,0,0,0,0,0,0,0,0
9.706810426501823,0,0,0,0,0,0,0,0,0
8.553061548417926,0,0,0,0,0,0,0,0,0
6.573753465367069,0,0,0,0,0,0,0,0,0
13.312869145425024,0,0,0,0,0,0,0,0,0
5.966947176673706,0,0,0,0,0,0,0,0,0
6.835065003269371,0,0,0,0,0,0,0,0,0
7.649862012861564,0,0,0,0,0,0,0,0,0
6.1991744713577175,0,0,0,0,0,0,0,0,0
10.421735855046766,0,0,0,0,0,0,0,0,0
9.737171807215157,0,0,0,0,0,0,0,0,0
5.226442520668783,0,0,0,0,0,0,0,0,0
8.63161571066538,0,0,0,0,0,0,0,0,0
12.418326555011106,0,0,0,0,0,0,0,0,0
7.5285431714521795,0,0,0,0,0,0,0,0,0
5.2719880609594325,0,0,0,0,0,0,0,0,0
9.84337861414136,0,0,0,0,0,0,0,0,0
6.6552420067057945,0,0,0,0,0,0,0,0,0
5.894865229029149,0,0,0,0,0,0,0,0,0
7.235407479801873,0,0,0,0,0,0,0,0,0
9.04774795501795,0,0,0,0,0,0,0,0,0
9.884161008524794,0,0,0,0,0,0,0,0,0
4.038097754241189,0,0,0,0,0,0,0,0,0
7.835775640229862,0,0,0,0,0,0,0,0,0
9.051997636481145,0,0,0,0,0,0,0,0,0
5.48101458427972,0,0,0,0,0,0,0,0,0
5.222235851737141,0,0,0,0,0,0,0,0,0
7.953185051229318,0,0,0,0,0,0,0,0,0
8.66722079254603,0,0,0,0,0,0,0,0,0
12.292648887473101,0,0,0,0,0,0,0,0,0
6.518061624544785,0,0,0,0,0,0,0,0,0
13.920460176840171,0,0,0,0,0,0,0,0,0
13.964289355152752,0,0,0,0,0,0,0,0,0
10.165264781529617,0,0,0,0,0,0,0,0,0
6.866193416441018,0,0,0,0,0,0,0,0,0
16.560462513523806,0,0,0,0,0,0,0,0,0
8.920918385040906,0,0,0,0,0,0,0,0,0
8.239335656203817,0,0,0,0,0,0,0,0,0
9.540955942645084,0,0,0,0,0,0,0,0,0
9.90547026134614,0,0,0,0,0,0,0,0,0
6.934392212911743,0,0,0,0,0,0,0,0,0
8.438249646974455,0,0,0,0,0,0,0,0,0
2.9848431322523847,0,0,0,0,0,0,0,0,0
7.322231832364568,0,0,0,0,0,0,0,0,0
3.377587165817671,0,0,0,0,0,0,0,0,0
7.678174781255855,0,0,0,0,0,0,0,0,0
8.847726826812698,0,0,0,0,0,0,0,0,0
10.87246339137431,0,0,0,0,0,0,0,0,0
8.77607568361413,0,0,0,0,0,0,0,0,0
4.376504608040824,0,0,0,0,0,0,0,0,0
6.8488120019919805,0,0,0,0,0,0,0,0,0
6.817034846303068,0,0,0,0,0,0,0,0,0
6.333290452445367,0,0,0,0,0,0,0,0,0
8.515558573347962,0,0,0,0,0,0,0,0,0
4.866970179662614,0,0,0,0,0,0,0,0,0
3.3103014559463104,0,0,0,0,0,0,0,0,0
6.405175798677005,0,0,0,0,0,0,0,0,0
8.278469366013915,0,0,0,0,0,0,0,0,0
5.7905847350168775,0,0,0,0,0,0,0,0,0
16.010635753405637,0,0,0,0,0,0,0,0,0
7.84758671212283,0,0,0,0,0,0,0,0,0
17.603771750167237,0,0,0,0,0,0,0,0,0
5.055605790049444,0,0,0,0,0,0,0,0,0
7.7555570080902045,0,0,0,0,0,0,0,0,0
8.546284980450784,0,0,0,0,0,0,0,0,0
9.889403144149,0,0,0,0,0,0,0,0,0
8.013040250648901,0,0,0,0,0,0,0,0,0
7.62321865772555,0,0,0,0,0,0,0,0,0
7.415441357567594,0,0,0,0,0,0,0,0,0
6.364117219177047,0,0,0,0,0,0,0,0,0
6.205624419681538,0,0,0,0,0,0,0,0,0
9.383279245964786,0,0,0,0,0,0,0,0,0
4.869961862105612,0,0,0,0,0,0,0,0,0
8.195199569172306,0,0,0,0,0,0,0,0,0
7.957203146591847,0,0,0,0,0,0,0,0,0
5.737242004088738,0,0,0,0,0,0,0,0,0
7.829771910286479,0,0,0,0,0,0,0,0,0
7.80223537023668,0,0,0,0,0,0,0,0,0
4.806108519204591,0,0,0,0,0,0,0,0,0
8.324771531465208,0,0,0,0,0,0,0,0,0
5.612553454695869,0,0,0,0,0,0,0,0,0
10.795140270878296,0,0,0,0,0,0,0,0,0
3.716901877274303,0,0,0,0,0,0,0,0,0
10.191007357886546,0,0,0,0,0,0,0,0,0
5.98875106906411,0,0,0,0,0,0,0,0,0
6.4806124004106485,0,0,0,0,0,0,0,0,0
11.552823798594993,0,0,0,0,0,0,0,0,0
10.26314428845572,0,0,0,0,0,0,0,0,0
7.6591302107199635,0,0,0,0,0,0,0,0,0
8.42691913043783,0,0,0,0,0,0,0,0,0
7.08884345623339,0,0,0,0,0,0,0,0,0
6.2766841289352415,0,0,0,0,0,0,0,0,0
5.710710121259249,0,0,0,0,0,0,0,0,0
10.67367328237402,0,0,0,0,0,0,0,0,0
4.444470749410101,0,0,0,0,0,0,0,0,0
11.82185565211247,0,0,0,0,0,0,0,0,0
8.458733595892669,0,0,0,0,0,0,0,0,0
5.522071030650417,0,0,0,0,0,0,0,0,0
11.447286893018697,0,0,0,0,0,0,0,0,0
12.93597727091872,0,0,0,0,0,0,0,0,0
9.006234441879842,0,0,0,0,0,0,0,0,0
10.920603627852117,0,0,0,0,0,0,0,0,0
11.332351463687786,0,0,0,0,0,0,0,0,0
14.571062983362433,0,0,0,0,0,0,0,0,0
7.27424125577634,0,0,0,0,0,0,0,0,0
14.171895749645541,0,0,0,0,0,0,0,0,0
6.910180281745512,0,0,0,0,0,0,0,0,0
4.885322622457447,0,0,0,0,0,0,0,0,0
6.378471193481455,0,0,0,0,0,0,0,0,0
7.817130450470842,0,0,0,0,0,0,0,0,0
12.705780149094108,0,0,0,0,0,0,0,0,0
10.18821720333409,0,0,0,0,0,0,0,0,0
18.32986779511375,0,0,0,0,0,0,0,0,0
14.668410699343687,0,0,0,0,0,0,0,0,0
7.577089756770662,0,0,0,0,0,0,0,0,0
5.57367738048365,0,0,0,0,0,0,0,0,0
6.9487601064645785,0,0,0,0,0,0,0,0,0
8.579704582962444,0,0,0,0,0,0,0,0,0
5.936329985293625,0,0,0,0,0,0,0,0,0
9.414466310886972,0,0,0,0,0,0,0,0,0
8.372234443653326,0,0,0,0,0,0,0,0,0
7.9281523052585205,0,0,0,0,0,0,0,0,0
3.9409209356557926,0,0,0,0,0,0,0,0,0
6.926993081957317,0,0,0,0,0,0,0,0,0
9.226346758748122,0,0,0,0,0,0,0,0,0
7.237227997042495,0,0,0,0,0,0,0,0,0
9.673745655199095,0,0,0,0,0,0,0,0,0
3.6332667179545917,0,0,0,0,0,0,0,0,0
6.435040185773748,0,0,0,0,0,0,0,0,0
11.218853020154373,0,0,0,0,0,0,0,0,0
6.92233339063578,0,0,0,0,0,0,0,0,0
3.706561273624796,0,0,0,0,0,0,0,0,0
9.970862098341255,0,0,0,0,0,0,0,0,0
6.1732182360805234,0,0,0,0,0,0,0,0,0
9.18372175112789,0,0,0,0,0,0,0,0,0
11.858010079857001,0,0,0,0,0,0,0,0,0
5.320942511707247,0,0,0,0,0,0,0,0,0
4.914064457661228,0,0,0,0,0,0,0,0,0
13.8298485352302,0,0,0,0,0,0,0,0,0
12.455647396823675,0,0,0,0,0,0,0,0,0
7.754852999269594,0,0,0,0,0,0,0,0,0
5.6070108448994285,0,0,0,0,0,0,0,0,0
12.35680450537363,0,0,0,0,0,0,0,0,0
6.96588804681469,0,0,0,0,0,0,0,0,0
8.555071333132865,0,0,0,0,0,0,0,0,0
3.4410169764756624,0,0,0,0,0,0,0,0,0
16.5926216949172,0,0,0,0,0,0,0,0,0
6.190674523312468,0,0,0,0,0,0,0,0,0
5.519822534666347,0,0,0,0,0,0,0,0,0
11.493242205132388,0,0,0,0,0,0,0,0,0
5.472088930893508,0,0,0,0,0,0,0,0,0
7.505248842415254,0,0,0,0,0,0,0,0,0
6.550929592869126,0,0,0,0,0,0,0,0,0
5.969613915306607,0,0,0,0,0,0,0,0,0
9.114023892905577,0,0,0,0,0,0,0,0,0
8.506810095113446,0,0,0,0,0,0,0,0,0
9.013900778535357,0,0,0,0,0,0,0,0,0
6.685165075443146,0,0,0,0,0,0,0,0,0
8.039011094500843,0,0,0,0,0,0,0,0,0
6.846904888267645,0,0,0,0,0,0,0,0,0
8.716166753545183,0,0,0,0,0,0,0,0,0
7.321318531329783,0,0,0,0,0,0,0,0,0
6.620021679864262,0,0,0,0,0,0,0,0,0
7.415283666944955,0,0,0,0,0,0,0,0,0
10.633156708612061,0,0,0,0,0,0,0,0,0
9.694901182903164,0,0,0,0,0,0,0,0,0
13.160717130872742,0,0,0,0,0,0,0,0,0
4.163791472314926,0,0,0,0,0,0,0,0,0
8.671855658132452,0,0,0,0,0,0,0,0,0
9.449194532601712,0,0,0,0,0,0,0,0,0
8.65663967377309,0,0,0,0,0,0,0,0,0
10.796064788339418,0,0,0,0,0,0,0,0,0
6.14044325742204,0,0,0,0,0,0,0,0,0
7.173703265017559,0,0,0,0,0,0,0,0,0
8.33770788645402,0,0,0,0,0,0,0,0,0
9.048163059934183,0,0,0,0,0,0,0,0,0
7.591243827771889,0,0,0,0,0,0,0,0,0
8.584841341675233,0,0,0,0,0,0,0,0,0
11.542881569346868,0,0,0,0,0,0,0,0,0
8.948217916238892,0,0,0,0,0,0,0,0,0
4.617009399589372,0,0,0,0,0,0,0,0,0
9.616691484594991,0,0,0,0,0,0,0,0,0
9.311517318730495,0,0,0,0,0,0,0,0,0
6.833825015741922,0,0,0,0,0,0,0,0,0
9.884210202021633,0,0,0,0,0,0,0,0,0
9.911524927429413,0,0,0,0,0,0,0,0,0
12.573630733711855,0,0,0,0,0,0,0,0,0
9.220533947388219,0,0,0,0,0,0,0,0,0
9.546738333503912,0,0,0,0,0,0,0,0,0
4.360744200498406,0,0,0,0,0,0,0,0,0
6.721875240705472,0,0,0,0,0,0,0,0,0
7.219432933487711,0,0,0,0,0,0,0,0,0
12.587278634417027,0,0,0,0,0,0,0,0,0
12.715074723763928,0,0,0,0,0,0,0,0,0
5.8582138526010095,0,0,0,0,0,0,0,0,0
7.599147508674275,0,0,0,0,0,0,0,0,0
4.374879409181471,0,0,0,0,0,0,0,0,0
6.902480522995276,0,0,0,0,0,0,0,0,0
11.362020618013403,0,0,0,0,0,0,0,0,0
7.208742725878123,0,0,0,0,0,0,0,0,0
7.521751540164646,0,0,0,0,0,0,0,0,0
4.879338811856193,0,0,0,0,0,0,0,0,0
11.567920418395687,0,0,0,0,0,0,0,0,0
6.841154279701895,0,0,0,0,0,0,0,0,0
7.887871078591808,0,0,0,0,0,0,0,0,0
6.988601111430088,0,0,0,0,0,0,0,0,0
10.60284592237374,0,0,0,0,0,0,0,0,0
5.977252800632068,0,0,0,0,0,0,0,0,0
6.985603600677768,0,0,0,0,0,0,0,0,0
5.734391107073938,0,0,0,0,0,0,0,0,0
8.322944276980062,0,0,0,0,0,0,0,0,0
7.130158995671489,0,0,0,0,0,0,0,0,0
10.365795564498777,0,0,0,0,0,0,0,0,0
9.964778060988035,0,0,0,0,0,0,0,0,0
4.511986401454243,0,0,0,0,0,0,0,0,0
8.511635383534387,0,0,0,0,0,0,0,0,0
6.182460996822794,0,0,0,0,0,0,0,0,0
5.817027287939159,0,0,0,0,0,0,0,0,0
13.377666115504509,0,0,0,0,0,0,0,0,0
6.393877031156071,0,0,0,0,0,0,0,0,0
5.164022895435692,0,0,0,0,0,0,0,0,0
10.887620755624807,0,0,0,0,0,0,0,0,0
10.366880789877689,0,0,0,0,0,0,0,0,0
9.722287322626995,0,0,0,0,0,0,0,0,0
7.899094562326407,0,0,0,0,0,0,0,0,0
12.742556134757358,0,0,0,0,0,0,0,0,0
6.9375075375710775,0,0,0,0,0,0,0,0,0
7.233173881794106,0,0,0,0,0,0,0,0,0
8.000195451476674,0,0,0,0,0,0,0,0,0
9.719261961174375,0,0,0,0,0,0,0,0,0
6.422703755251089,0,0,0,0,0,0,0,0,0
7.481296870760325,0,0,0,0,0,0,0,0,0
9.241073988310202,0,0,0,0,0,0,0,0,0
12.57908123077483,0,0,0,0,0,0,0,0,0
9.902360612987913,0,0,0,0,0,0,0,0,0
12.632771451579082,0,0,0,0,0,0,0,0,0
6.523149433555654,0,0,0,0,0,0,0,0,0
6.658407165192049,0,0,0,0,0,0,0,0,0
5.797401384889523,0,0,0,0,0,0,0,0,0
5.331900102528633,0,0,0,0,0,0,0,0,0
4.60692299490965,0,0,0,0,0,0,0,0,0
7.769824111392437,0,0,0,0,0,0,0,0,0
5.806910974184489,0,0,0,0,0,0,0,0,0
8.756778509030188,0,0,0,0,0,0,0,0,0
10.954560245222277,0,0,0,0,0,0,0,0,0
4.631023297991033,0,0,0,0,0,0,0,0,0
