cycle_time,spt_policy,fifo_policy,hrrn_policy,longest_queue_policy,shortest_queue_policy,least_flexible_resource_policy,most_flexible_resource_policy,least_flexible_activity_policy,most_flexible_activity_policy
8.826557881497438,0,0,0,0,0,0,0,0,0
10.906699967724416,0,0,0,0,0,0,0,0,0
7.310218786128456,0,0,0,0,0,0,0,0,0
5.801766301089295,0,0,0,0,0,0,0,0,0
11.337709807836772,0,0,0,0,0,0,0,0,0
6.039791235613805,0,0,0,0,0,0,0,0,0
8.212154644144828,0,0,0,0,0,0,0,0,0
10.550438508103161,0,0,0,0,0,0,0,0,0
13.197506063280805,0,0,0,0,0,0,0,0,0
6.230035968927011,0,0,0,0,0,0,0,0,0
8.150183098654136,0,0,0,0,0,0,0,0,0
7.926163972902383,0,0,0,0,0,0,0,0,0
9.689468902653038,0,0,0,0,0,0,0,0,0
7.185924682100088,0,0,0,0,0,0,0,0,0
5.932945840145015,0,0,0,0,0,0,0,0,0
4.283345854137899,0,0,0,0,0,0,0,0,0
9.317148512790714,0,0,0,0,0,0,0,0,0
7.787406604364394,0,0,0,0,0,0,0,0,0
12.870458346184307,0,0,0,0,0,0,0,0,0
9.016635237870828,0,0,0,0,0,0,0,0,0
7.851751718641177,0,0,0,0,0,0,0,0,0
9.709813094729142,0,0,0,0,0,0,0,0,0
7.991041480513409,0,0,0,0,0,0,0,0,0
13.049310258360872,0,0,0,0,0,0,0,0,0
12.855479405359858,0,0,0,0,0,0,0,0,0
4.546529366397293,0,0,0,0,0,0,0,0,0
7.304847577509664,0,0,0,0,0,0,0,0,0
7.352839766468906,0,0,0,0,0,0,0,0,0
6.113188978403973,0,0,0,0,0,0,0,0,0
7.863590495777389,0,0,0,0,0,0,0,0,0
4.081436648719665,0,0,0,0,0,0,0,0,0
10.196634648337504,0,0,0,0,0,0,0,0,0
11.952014153863821,0,0,0,0,0,0,0,0,0
6.303899761023639,0,0,0,0,0,0,0,0,0
10.153603716654574,0,0,0,0,0,0,0,0,0
10.623217400089056,0,0,0,0,0,0,0,0,0
6.841079897176768,0,0,0,0,0,0,0,0,0
5.62770418675895,0,0,0,0,0,0,0,0,0
10.727228562281201,0,0,0,0,0,0,0,0,0
9.885732361725106,0,0,0,0,0,0,0,0,0
7.844454910400085,0,0,0,0,0,0,0,0,0
3.5871741268523247,0,0,0,0,0,0,0,0,0
13.961158014427145,0,0,0,0,0,0,0,0,0
10.819154486235997,0,0,0,0,0,0,0,0,0
6.129525067155154,0,0,0,0,0,0,0,0,0
4.39687251219187,0,0,0,0,0,0,0,0,0
5.1167498137571465,0,0,0,0,0,0,0,0,0
8.350356996296155,0,0,0,0,0,0,0,0,0
13.470695774355432,0,0,0,0,0,0,0,0,0
9.752801500064157,0,0,0,0,0,0,0,0,0
4.584642490290722,0,0,0,0,0,0,0,0,0
13.624698893218627,0,0,0,0,0,0,0,0,0
5.72963033030929,0,0,0,0,0,0,0,0,0
8.446111203985264,0,0,0,0,0,0,0,0,0
6.824899294813654,0,0,0,0,0,0,0,0,0
4.782946498699845,0,0,0,0,0,0,0,0,0
11.001440031311104,0,0,0,0,0,0,0,0,0
6.306908079836067,0,0,0,0,0,0,0,0,0
8.80170770705162,0,0,0,0,0,0,0,0,0
6.445718446698142,0,0,0,0,0,0,0,0,0
8.710354413848385,0,0,0,0,0,0,0,0,0
9.355474626881502,0,0,0,0,0,0,0,0,0
7.2703197399495725,0,0,0,0,0,0,0,0,0
8.204943216744581,0,0,0,0,0,0,0,0,0
5.518340979764134,0,0,0,0,0,0,0,0,0
9.740488966037251,0,0,0,0,0,0,0,0,0
5.958674449450374,0,0,0,0,0,0,0,0,0
7.532016231155713,0,0,0,0,0,0,0,0,0
12.42827005486707,0,0,0,0,0,0,0,0,0
11.876789917919057,0,0,0,0,0,0,0,0,0
9.01178056372012,0,0,0,0,0,0,0,0,0
8.692526098328681,0,0,0,0,0,0,0,0,0
8.822844552211327,0,0,0,0,0,0,0,0,0
9.040196538480565,0,0,0,0,0,0,0,0,0
10.013638188667317,0,0,0,0,0,0,0,0,0
11.498895753104222,0,0,0,0,0,0,0,0,0
8.085132877408695,0,0,0,0,0,0,0,0,0
9.968033981349446,0,0,0,0,0,0,0,0,0
12.229240973362666,0,0,0,0,0,0,0,0,0
5.719863856090528,0,0,0,0,0,0,0,0,0
8.832491946127615,0,0,0,0,0,0,0,0,0
6.129271857942032,0,0,0,0,0,0,0,0,0
5.338612019464603,0,0,0,0,0,0,0,0,0
5.264569079567873,0,0,0,0,0,0,0,0,0
7.6159229242160205,0,0,0,0,0,0,0,0,0
3.657608684202869,0,0,0,0,0,0,0,0,0
8.080278998520793,0,0,0,0,0,0,0,0,0
14.14133561079498,0,0,0,0,0,0,0,0,0
9.199976166112156,0,0,0,0,0,0,0,0,0
5.129975995862149,0,0,0,0,0,0,0,0,0
6.935478770293602,0,0,0,0,0,0,0,0,0
19.77561041307668,0,0,0,0,0,0,0,0,0
5.862732158952201,0,0,0,0,0,0,0,0,0
11.274793752772961,0,0,0,0,0,0,0,0,0
6.98303265483113,0,0,0,0,0,0,0,0,0
12.135740050533256,0,0,0,0,0,0,0,0,0
11.624200448116042,0,0,0,0,0,0,0,0,0
6.1275734620663584,0,0,0,0,0,0,0,0,0
4.519343155769539,0,0,0,0,0,0,0,0,0
7.00823680187883,0,0,0,0,0,0,0,0,0
14.822569531677345,0,0,0,0,0,0,0,0,0
10.006766400254705,0,0,0,0,0,0,0,0,0
8.45468222604298,0,0,0,0,0,0,0,0,0
9.582399770139116,0,0,0,0,0,0,0,0,0
4.539414882677846,0,0,0,0,0,0,0,0,0
7.205191972659639,0,0,0,0,0,0,0,0,0
13.952048981290515,0,0,0,0,0,0,0,0,0
8.67729873858038,0,0,0,0,0,0,0,0,0
6.279425678719316,0,0,0,0,0,0,0,0,0
11.833338346815953,0,0,0,0,0,0,0,0,0
8.187880820165317,0,0,0,0,0,0,0,0,0
13.168173105126657,0,0,0,0,0,0,0,0,0
6.387250672376981,0,0,0,0,0,0,0,0,0
8.459932755978233,0,0,0,0,0,0,0,0,0
34.49773422564007,0,0,0,0,0,0,0,0,0
4.789301085737651,0,0,0,0,0,0,0,0,0
12.301240236992443,0,0,0,0,0,0,0,0,0
6.171742693497416,0,0,0,0,0,0,0,0,0
8.78510225187914,0,0,0,0,0,0,0,0,0
5.76954215868692,0,0,0,0,0,0,0,0,0
11.211482613263737,0,0,0,0,0,0,0,0,0
10.325642522741372,0,0,0,0,0,0,0,0,0
9.465100312008007,0,0,0,0,0,0,0,0,0
7.50255112076158,0,0,0,0,0,0,0,0,0
7.414786676178674,0,0,0,0,0,0,0,0,0
12.136285379278124,0,0,0,0,0,0,0,0,0
3.727751765909958,0,0,0,0,0,0,0,0,0
7.759730690865624,0,0,0,0,0,0,0,0,0
7.063776146567071,0,0,0,0,0,0,0,0,0
7.02282258124269,0,0,0,0,0,0,0,0,0
9.24517832562489,0,0,0,0,0,0,0,0,0
8.401386542862049,0,0,0,0,0,0,0,0,0
9.515884254739209,0,0,0,0,0,0,0,0,0
6.140663318366611,0,0,0,0,0,0,0,0,0
6.421470801980942,0,0,0,0,0,0,0,0,0
9.525603747916744,0,0,0,0,0,0,0,0,0
11.010612813966873,0,0,0,0,0,0,0,0,0
6.791297613385995,0,0,0,0,0,0,0,0,0
7.72551452714764,0,0,0,0,0,0,0,0,0
6.8345801223119675,0,0,0,0,0,0,0,0,0
9.262654319408162,0,0,0,0,0,0,0,0,0
5.1871507467816835,0,0,0,0,0,0,0,0,0
7.954719081036258,0,0,0,0,0,0,0,0,0
8.395764401879013,0,0,0,0,0,0,0,0,0
11.965239917885766,0,0,0,0,0,0,0,0,0
8.85681095089141,0,0,0,0,0,0,0,0,0
6.471245129893037,0,0,0,0,0,0,0,0,0
10.264091380230576,0,0,0,0,0,0,0,0,0
6.062238301981171,0,0,0,0,0,0,0,0,0
9.22740458477896,0,0,0,0,0,0,0,0,0
7.753485497166167,0,0,0,0,0,0,0,0,0
8.4386798377305,0,0,0,0,0,0,0,0,0
7.46534675393807,0,0,0,0,0,0,0,0,0
8.407034041127016,0,0,0,0,0,0,0,0,0
9.698072782322393,0,0,0,0,0,0,0,0,0
6.367990850235608,0,0,0,0,0,0,0,0,0
10.070120505920574,0,0,0,0,0,0,0,0,0
10.122134043650053,0,0,0,0,0,0,0,0,0
6.971753657757972,0,0,0,0,0,0,0,0,0
10.178590161977525,0,0,0,0,0,0,0,0,0
4.056430187601558,0,0,0,0,0,0,0,0,0
6.709948384535988,0,0,0,0,0,0,0,0,0
11.803515419499341,0,0,0,0,0,0,0,0,0
7.356822719209224,0,0,0,0,0,0,0,0,0
10.471931407585217,0,0,0,0,0,0,0,0,0
10.210963543234708,0,0,0,0,0,0,0,0,0
23.254424913783602,0,0,0,0,0,0,0,0,0
11.742412238303453,0,0,0,0,0,0,0,0,0
9.071582304107007,0,0,0,0,0,0,0,0,0
5.671552505048744,0,0,0,0,0,0,0,0,0
5.8420394848490975,0,0,0,0,0,0,0,0,0
11.686511893172504,0,0,0,0,0,0,0,0,0
7.024000717474856,0,0,0,0,0,0,0,0,0
4.904444454733936,0,0,0,0,0,0,0,0,0
7.680671346088772,0,0,0,0,0,0,0,0,0
8.731156672197523,0,0,0,0,0,0,0,0,0
8.414797284815123,0,0,0,0,0,0,0,0,0
10.353460792547098,0,0,0,0,0,0,0,0,0
14.555393407448209,0,0,0,0,0,0,0,0,0
12.670350091410576,0,0,0,0,0,0,0,0,0
6.925171158015049,0,0,0,0,0,0,0,0,0
5.843587162602191,0,0,0,0,0,0,0,0,0
8.385962593664841,0,0,0,0,0,0,0,0,0
5.405618637579112,0,0,0,0,0,0,0,0,0
10.775552477735978,0,0,0,0,0,0,0,0,0
8.878279290162535,0,0,0,0,0,0,0,0,0
15.295411983347705,0,0,0,0,0,0,0,0,0
9.473505521930885,0,0,0,0,0,0,0,0,0
5.485058331088175,0,0,0,0,0,0,0,0,0
5.023474858958439,0,0,0,0,0,0,0,0,0
22.378396352876265,0,0,0,0,0,0,0,0,0
8.1060971726731,0,0,0,0,0,0,0,0,0
7.547933673543966,0,0,0,0,0,0,0,0,0
12.674719579683467,0,0,0,0,0,0,0,0,0
9.950850898979484,0,0,0,0,0,0,0,0,0
7.935303791172888,0,0,0,0,0,0,0,0,0
5.013355140571767,0,0,0,0,0,0,0,0,0
6.277817925334556,0,0,0,0,0,0,0,0,0
13.879852487460637,0,0,0,0,0,0,0,0,0
12.161163159333682,0,0,0,0,0,0,0,0,0
9.113216386979403,0,0,0,0,0,0,0,0,0
4.7289795564626385,0,0,0,0,0,0,0,0,0
6.763742156148521,0,0,0,0,0,0,0,0,0
5.848513878285049,0,0,0,0,0,0,0,0,0
6.317211870733891,0,0,0,0,0,0,0,0,0
14.60189590419351,0,0,0,0,0,0,0,0,0
9.259529444667875,0,0,0,0,0,0,0,0,0
8.182066690887119,0,0,0,0,0,0,0,0,0
9.814175182823591,0,0,0,0,0,0,0,0,0
6.945513069685083,0,0,0,0,0,0,0,0,0
10.3345353626445,0,0,0,0,0,0,0,0,0
10.024886074622835,0,0,0,0,0,0,0,0,0
6.112240991012939,0,0,0,0,0,0,0,0,0
5.0363826318264,0,0,0,0,0,0,0,0,0
7.1506165704784985,0,0,0,0,0,0,0,0,0
8.675714599367282,0,0,0,0,0,0,0,0,0
6.324900682836743,0,0,0,0,0,0,0,0,0
4.968309520935667,0,0,0,0,0,0,0,0,0
8.588319842451545,0,0,0,0,0,0,0,0,0
6.784973560675535,0,0,0,0,0,0,0,0,0
5.675905264599881,0,0,0,0,0,0,0,0,0
10.79144547743839,0,0,0,0,0,0,0,0,0
12.531541902266591,0,0,0,0,0,0,0,0,0
7.79683286087125,0,0,0,0,0,0,0,0,0
4.385025137871801,0,0,0,0,0,0,0,0,0
7.534315150290181,0,0,0,0,0,0,0,0,0
5.570391718339013,0,0,0,0,0,0,0,0,0
5.302528297425707,0,0,0,0,0,0,0,0,0
6.029219414967082,0,0,0,0,0,0,0,0,0
8.74349869095495,0,0,0,0,0,0,0,0,0
10.472578789111179,0,0,0,0,0,0,0,0,0
9.983867114469453,0,0,0,0,0,0,0,0,0
12.025759974990017,0,0,0,0,0,0,0,0,0
7.05865445159677,0,0,0,0,0,0,0,0,0
7.560122220539839,0,0,0,0,0,0,0,0,0
5.499218402230871,0,0,0,0,0,0,0,0,0
6.461438506158909,0,0,0,0,0,0,0,0,0
8.027091199991085,0,0,0,0,0,0,0,0,0
9.677747322814064,0,0,0,0,0,0,0,0,0
5.120877943103724,0,0,0,0,0,0,0,0,0
14.489141705975968,0,0,0,0,0,0,0,0,0
9.600155843778536,0,0,0,0,0,0,0,0,0
10.763838463787875,0,0,0,0,0,0,0,0,0
9.707713382806988,0,0,0,0,0,0,0,0,0
7.001233827353316,0,0,0,0,0,0,0,0,0
6.2856132295354135,0,0,0,0,0,0,0,0,0
3.302341852994558,0,0,0,0,0,0,0,0,0
8.237706170843836,0,0,0,0,0,0,0,0,0
5.863517438650004,0,0,0,0,0,0,0,0,0
4.370010515398076,0,0,0,0,0,0,0,0,0
7.444789702205261,0,0,0,0,0,0,0,0,0
7.888707635046712,0,0,0,0,0,0,0,0,0
13.195449248963413,0,0,0,0,0,0,0,0,0
5.689536507257622,0,0,0,0,0,0,0,0,0
7.751979565682094,0,0,0,0,0,0,0,0,0
7.451528491358166,0,0,0,0,0,0,0,0,0
5.365319622727217,0,0,0,0,0,0,0,0,0
13.95133265165346,0,0,0,0,0,0,0,0,0
6.367339282439021,0,0,0,0,0,0,0,0,0
9.715932835470243,0,0,0,0,0,0,0,0,0
5.311950802562465,0,0,0,0,0,0,0,0,0
8.12021481035673,0,0,0,0,0,0,0,0,0
6.796800100112997,0,0,0,0,0,0,0,0,0
10.332607687659413,0,0,0,0,0,0,0,0,0
11.324159649626031,0,0,0,0,0,0,0,0,0
9.522550307287238,0,0,0,0,0,0,0,0,0
10.949140267462072,0,0,0,0,0,0,0,0,0
6.581530469884927,0,0,0,0,0,0,0,0,0
8.17506247717603,0,0,0,0,0,0,0,0,0
5.2903174658362495,0,0,0,0,0,0,0,0,0
5.95042948371226,0,0,0,0,0,0,0,0,0
4.912289822142176,0,0,0,0,0,0,0,0,0
4.881762062160525,0,0,0,0,0,0,0,0,0
5.784722399856641,0,0,0,0,0,0,0,0,0
6.12565217136345,0,0,0,0,0,0,0,0,0
7.58932263199304,0,0,0,0,0,0,0,0,0
14.708775029458335,0,0,0,0,0,0,0,0,0
9.23282836578102,0,0,0,0,0,0,0,0,0
12.418496855560994,0,0,0,0,0,0,0,0,0
9.550863691333415,0,0,0,0,0,0,0,0,0
7.154092688452779,0,0,0,0,0,0,0,0,0
7.440082521612952,0,0,0,0,0,0,0,0,0
8.646859352251367,0,0,0,0,0,0,0,0,0
5.915800888075664,0,0,0,0,0,0,0,0,0
4.780819565527752,0,0,0,0,0,0,0,0,0
6.813757926004955,0,0,0,0,0,0,0,0,0
21.616332464090128,0,0,0,0,0,0,0,0,0
4.3370621008401615,0,0,0,0,0,0,0,0,0
9.308165396754635,0,0,0,0,0,0,0,0,0
9.359168057633532,0,0,0,0,0,0,0,0,0
6.254736293601218,0,0,0,0,0,0,0,0,0
5.492767075191289,0,0,0,0,0,0,0,0,0
9.749441600182124,0,0,0,0,0,0,0,0,0
4.902010226955723,0,0,0,0,0,0,0,0,0
6.444250727582632,0,0,0,0,0,0,0,0,0
6.8357603888523055,0,0,0,0,0,0,0,0,0
7.742567687862039,0,0,0,0,0,0,0,0,0
8.865719227090407,0,0,0,0,0,0,0,0,0
6.093551074551063,0,0,0,0,0,0,0,0,0
7.356243909589562,0,0,0,0,0,0,0,0,0
