cycle_time,spt_policy,fifo_policy,hrrn_policy,longest_queue_policy,shortest_queue_policy,least_flexible_resource_policy,most_flexible_resource_policy,least_flexible_activity_policy,most_flexible_activity_policy
144.17623556105406,4070,3292,296,1125,2305,3754,509,1800,1619
139.8880900358181,4033,3275,291,1227,2459,3632,540,1828,1467
151.30959217269734,3623,3205,283,2026,2179,3605,494,1757,1754
97.99256296908196,2909,3448,320,2519,2244,2828,428,1909,2033
138.47878270834653,3918,3359,234,1526,2396,3436,549,1730,1778
178.04048553763874,4263,3008,263,1350,2182,3998,614,1801,1405
84.32250503721356,2738,3568,331,2576,2262,2742,389,2098,2129
177.98564574670684,4297,3105,286,1449,2224,3738,527,1828,1610
119.89828619947208,3583,3422,303,1453,2498,3336,453,1905,1781
111.3499937889138,3106,3319,318,2147,2105,3103,461,2003,1941
124.69931026786806,3652,3481,275,1416,2428,3454,453,1940,1758
136.1402527134765,3636,3510,296,1872,2371,3313,462,1783,1773
103.51571748672245,3050,3407,321,2173,2264,2979,439,2039,1951
95.1433462023615,3038,3510,328,2120,2380,3021,451,1955,2147
113.13344239581521,3508,3592,330,1466,2429,3311,522,1886,1861
233.0778745597125,4805,2792,234,1419,1887,4435,595,1746,1226
97.93314845727063,3128,3537,311,2142,2283,2896,396,2004,2022
95.68864104762659,3023,3617,309,1898,2515,2912,451,1997,2006
124.77413586943962,3776,3321,265,1642,2282,3337,551,1861,1765
153.92834874952425,4084,3460,260,1153,2342,3615,603,1793,1640
136.40121232674994,3484,3229,283,1889,2184,3454,509,1845,1764
155.49243044944885,4045,3152,273,1275,2301,3570,586,1835,1661
125.37520332666698,3753,3348,252,1674,2408,3436,550,1785,1720
129.65211070932568,3316,3271,329,2025,2239,3256,502,1888,1899
136.52340007377208,4001,3414,264,1548,2423,3459,547,1745,1651
345.55969309427365,5253,2286,190,1379,1715,4962,553,1654,940
107.10485845742419,3389,3469,318,2139,2415,3167,453,1864,1934
164.34089645254855,4225,3268,266,1346,2362,3623,617,1727,1498
218.4520831892063,4822,3036,210,947,2239,4119,646,1562,1249
233.5389128445661,4500,2812,267,1616,2124,3989,644,1649,1406
120.77220987455442,3740,3450,325,1790,2413,3312,528,1753,1789
121.612832608074,3486,3384,274,1999,2227,3245,517,1860,1775
271.52448208625526,4987,2503,215,1366,1897,4521,667,1681,1089
103.70028555851967,3086,3602,349,1851,2460,3112,439,1931,1970
175.47873194947144,4083,3417,244,1384,2381,3915,543,1749,1558
145.41142792852568,3906,3180,271,1524,2436,3555,558,1847,1658
107.4360702124384,3452,3406,282,1872,2236,3372,445,1865,1915
95.42233116876373,3102,3537,314,2261,2189,2849,438,2077,2060
150.5968985389888,3928,3226,307,1542,2337,3675,557,1757,1666
107.61539005900629,3368,3764,354,1739,2433,3084,457,1935,1900
276.195058298277,4988,2684,210,1128,1947,4295,582,1652,1224
130.98181649163698,3837,3430,307,1420,2297,3402,505,1784,1758
115.48796925407687,3423,3133,328,1931,2083,3340,498,1938,1904
111.26326444044358,3514,3444,296,1711,2412,3243,483,1825,1830
174.29225427087553,4205,3199,292,1636,2109,3581,506,1853,1662
105.561857195416,3190,3458,300,1870,2385,3228,457,1876,1967
166.96681867861744,4287,3229,282,1223,2243,3732,569,1739,1643
285.89314984486714,4558,2496,240,1664,1726,4145,558,1841,1320
191.90132543613208,4405,3195,245,982,2553,3906,578,1605,1565
83.77017332527558,2592,3480,334,2975,2319,2561,412,1969,2140
259.6168862048983,4923,2748,231,1348,1945,4333,588,1650,1196
107.83128970375745,3222,3411,331,2110,2360,3213,442,1919,2002
116.4892186995142,3562,3326,291,1868,2332,3479,465,1823,1795
89.28735929146681,2901,3536,308,2386,2302,2864,428,2015,2012
192.5548501461806,4242,2974,265,1890,1896,3654,590,1782,1603
149.9401562536668,3843,3012,278,1606,2304,3794,486,1909,1661
282.0793856998775,5146,2698,204,973,1803,4721,599,1521,1141
103.6353713487016,3202,3705,297,2072,2292,3052,442,1810,1982
115.0301410125334,3400,3421,312,1701,2278,3325,453,1994,2006
119.38540568226709,3451,3275,294,1633,2304,3337,494,1979,1769
140.90053052223718,3863,3224,320,1305,2295,3468,530,1971,1680
141.07013556311182,3962,3360,292,1343,2326,3435,524,1880,1726
143.5563218842895,4055,3462,245,1589,2239,3492,541,1660,1712
99.06584093565873,3179,3535,301,1783,2372,2981,497,1858,2009
124.20503306302936,3855,3280,313,1685,2392,3382,518,1765,1784
101.6406823091095,3320,3669,281,1725,2551,3119,451,1950,1986
191.06844371724912,4580,2923,257,1485,2122,3847,645,1767,1330
114.84657112277947,3362,3571,293,1760,2434,3185,523,1831,1901
134.12746814472015,3778,3265,266,1780,2278,3423,519,1794,1733
149.19105738761766,3999,3413,257,1357,2264,3749,566,1750,1655
222.75708166871317,4736,2702,278,1422,2069,4145,573,1701,1354
140.18198550695627,4285,3373,265,1292,2519,3582,612,1707,1570
116.81547707199762,3532,3469,289,1615,2476,3342,506,1853,1916
118.59458093192559,3480,3566,262,1830,2363,3228,447,1862,1858
133.34057936012263,3855,3304,273,1479,2365,3415,526,1927,1623
127.33206497275029,3789,3418,313,1319,2357,3358,520,1842,1857
97.64234211745566,2929,3310,335,2011,2280,3050,413,1976,2040
159.52123875780296,4193,3220,245,1202,2290,3809,569,1782,1535
120.74446006928545,3844,3439,280,1339,2361,3475,523,1803,1754
122.88148164169961,3395,3335,305,2011,2351,3346,510,1872,1759
117.09634293720084,3325,3351,248,2112,2306,3104,464,1834,1927
119.7018419397077,3166,3365,301,2264,2126,3227,474,1989,1993
166.92353672741038,3996,3152,356,1666,2142,3622,595,1990,1650
114.87050169118257,3590,3591,309,1622,2480,3251,575,1901,1805
90.90439772027796,3019,3512,310,2093,2319,2988,446,1842,1971
96.97978656636664,3104,3611,318,2081,2271,2882,446,1958,2081
162.85819760222589,4132,3317,243,1315,2393,3672,538,1657,1635
183.27945650556893,4199,3189,298,1337,2216,3848,567,1782,1577
183.06849747782988,4555,3308,246,1157,2360,3783,682,1637,1462
225.5964711800993,4520,2513,239,1347,2015,4247,598,1834,1322
110.9021729502019,3243,3447,298,2330,2242,3214,437,1848,1843
180.86642484102475,4123,3189,289,1627,2277,3687,535,1705,1530
162.6117847158059,4241,3140,256,1372,2335,3620,539,1776,1650
96.13997067908771,3251,3707,314,2245,2358,3029,417,1885,2020
167.64686125549298,4248,3018,296,1284,2363,3854,582,1657,1501
130.1956000656362,3585,3335,309,1547,2385,3428,479,1792,1823
130.37602565247536,4110,3403,295,1177,2421,3598,459,1748,1646
130.3945175819297,3654,3416,298,1435,2250,3501,551,1844,1704
198.2501368218113,4297,3071,295,1556,1973,3917,546,1751,1475
133.28958426333818,3912,3389,261,1248,2479,3521,585,1808,1660
111.19597918442786,3371,3393,271,1596,2355,3286,518,1824,1922
129.81818751124644,3613,3132,292,1852,2343,3496,568,1787,1690
133.9449096499884,3809,3317,262,1761,2255,3533,500,1796,1624
124.3170179488407,3513,3480,287,1418,2335,3589,535,1909,1740
97.78576224583962,2926,3442,339,2180,2239,2929,404,2078,2023
157.18492417495287,3877,3230,303,1253,2310,3574,541,1877,1676
182.46643751531815,4286,3141,236,1459,2339,3859,532,1663,1594
115.42624846802231,3518,3466,288,1675,2431,3336,538,1737,1805
129.53953430474644,3885,3364,298,1472,2404,3528,519,1686,1761
123.53796492667419,3509,3568,305,1517,2428,3295,487,1857,1909
130.87438902675407,3693,3403,262,1653,2465,3330,537,1806,1744
156.2370375421985,3874,2872,261,1774,2013,3807,544,2002,1671
244.53729031171935,4789,2821,221,1104,2123,4309,613,1670,1186
190.15371876430135,4676,3169,236,928,2321,4125,646,1583,1437
110.89725991931505,3401,3399,306,2080,2264,3101,477,1933,1836
152.77189985152657,3881,3256,296,1663,2260,3583,536,1880,1703
132.13151591518292,3726,3440,267,1408,2316,3476,573,1859,1747
133.20074782752855,4033,3325,302,1723,2263,3471,540,1713,1658
126.08837993585712,3869,3356,310,1841,2313,3479,532,1818,1825
193.1649540794345,4675,3073,240,1160,2241,4091,580,1574,1286
175.42003996454,4322,3136,244,1447,2255,3770,640,1621,1476
124.7259469963884,3448,3360,268,1952,2262,3153,473,1854,1940
100.91907817489361,3004,3432,332,2401,2363,2947,412,1937,2011
100.65476641208191,3001,3463,317,1889,2331,3070,489,2049,2008
100.96751753943701,3159,3615,305,1766,2389,3042,457,2004,1973
102.31756330437403,3280,3566,297,1905,2342,3145,455,1900,2012
140.63067266076717,3803,3414,279,1700,2402,3541,518,1772,1644
103.4398224770528,3455,3612,298,1602,2350,3252,465,1919,1934
109.99802910848142,3325,3552,291,1899,2318,3158,506,1872,1885
132.40511606164188,3903,3414,277,1323,2447,3596,492,1719,1689
167.0290051055003,4094,3219,273,1382,2403,3619,656,1731,1507
115.68085880295466,3610,3584,289,1735,2356,3224,483,1836,1965
120.66802780058137,3645,3296,356,1700,2276,3292,487,1946,1793
161.76662462665874,4054,3146,265,1471,2226,3822,588,1709,1585
131.30563768326192,3792,3324,306,1147,2477,3636,489,1771,1735
192.68146705705962,4299,3086,231,1630,2153,3821,577,1600,1490
211.09282529646762,4762,2903,246,1192,1964,4175,615,1656,1347
101.70501168413328,3218,3569,322,1945,2366,3034,509,1866,1986
121.6728324685275,3429,3505,301,1479,2392,3479,448,1914,1838
233.55465221865146,4711,2927,252,1050,2132,4177,625,1616,1370
107.87213130440458,3408,3450,328,1670,2409,3210,489,1891,1867
184.5118263355364,4252,2971,283,1185,2210,3954,550,1828,1513
97.28291304445229,3231,3537,263,2408,2404,2904,452,1909,1947
111.20397505455429,3576,3503,259,1612,2483,3168,468,1816,1792
136.42779741505404,3505,3353,264,1921,2216,3331,546,1754,1769
152.47605623947857,3791,3123,275,1697,2135,3596,516,2003,1739
91.43427002036955,3030,3580,296,2077,2306,2983,445,1973,2080
101.01522910249867,3305,3521,336,1988,2372,3020,418,1847,2044
178.33667427648996,4493,3113,263,1339,2153,3820,570,1691,1397
99.22512091397098,3331,3495,323,1901,2312,3077,465,1906,1987
101.88645801727202,3245,3459,301,2113,2282,3055,460,1853,1975
181.13641626651753,4717,3007,214,1123,2313,4081,598,1742,1308
124.36785242926679,3605,3432,280,1495,2412,3417,543,1858,1797
91.85789729541509,2949,3528,281,2444,2175,2984,426,2024,2136
86.00012219111869,2811,3713,322,2488,2309,2744,407,1995,2077
200.09696414242407,4376,3064,216,1475,2142,4102,599,1688,1366
101.35664459447328,3285,3505,338,2180,2334,2924,474,1841,1901
176.42934192044424,4475,3050,264,1016,2398,3955,624,1627,1331
153.2663244127586,3864,3241,297,2096,2108,3486,559,1809,1790
157.6711623148984,4171,3214,262,1254,2253,3653,534,1865,1597
134.70194891099473,3647,3346,282,1896,2137,3348,529,1775,1720
119.49613569167413,3436,3195,314,1648,2361,3205,478,1948,1948
106.48461259390375,3235,3391,337,1934,2261,3155,477,1989,1964
221.82360113840565,4391,2725,242,1558,2032,4081,625,1764,1370
110.70639491494534,3302,3434,303,1795,2336,3217,472,1937,1875
161.28244292902573,4040,3250,271,1762,2325,3456,589,1799,1662
214.6523599665259,4591,2806,266,1219,1896,4167,596,1741,1383
112.3112103944869,3256,3426,289,2250,2288,3103,497,1865,1829
96.77337764422198,3124,3620,304,2086,2323,2977,472,1890,1833
257.36620287493,4899,2804,225,1246,2289,4125,614,1526,1333
183.78662188344566,4345,3218,250,1177,2366,3837,544,1688,1525
131.44323002642219,3675,3450,273,1830,2259,3446,492,1986,1887
110.72394665798173,3634,3452,265,1575,2409,3203,503,1892,1855
107.0593950314424,3633,3491,282,1603,2509,3248,468,1866,1922
155.8406791268926,3598,3235,274,1824,2111,3598,492,1880,1647
111.04842526523545,3390,3332,356,1813,2392,3332,506,2043,1768
128.8053846582299,3999,3301,313,1555,2470,3563,531,1684,1687
179.13383974838098,4444,3149,235,1226,2331,4023,567,1595,1467
167.18144150879706,4386,3144,236,1332,2297,3840,636,1783,1353
139.46842453427422,3620,3138,261,1903,2163,3466,516,1972,1665
111.4172065784904,3516,3511,286,1551,2328,3308,490,1941,1908
118.02318811506014,3297,3265,314,1967,2339,3128,461,1907,1921
130.21774002175619,3707,3421,244,1719,2341,3338,446,1820,1779
106.48225859251991,3257,3263,341,2179,2224,3316,489,1857,1943
201.3308891730281,4009,2805,308,1950,1967,3734,523,1904,1522
114.68744847237961,3636,3487,282,1443,2424,3504,438,1732,1785
107.17814801300545,3344,3444,323,1925,2424,3076,480,1936,1980
176.6621761129182,4420,3122,238,1568,2231,3875,670,1657,1442
198.94019881558643,4598,3148,244,1264,2262,3841,696,1572,1358
127.0753500199367,3692,3382,262,1725,2376,3433,504,1756,1607
163.4246462965058,4344,3191,265,1400,2314,3836,591,1765,1484
125.00888392409978,3976,3548,269,1339,2512,3513,521,1746,1652
103.27184093533434,3176,3440,302,2042,2229,3019,427,1973,2018
105.43785681626917,3267,3560,305,1840,2376,3143,474,1897,2043
104.90205742250483,3354,3356,306,2178,2273,3159,456,1881,1906
151.71437102078485,3790,3200,283,1809,2137,3365,495,1850,1628
274.9398669296512,5148,2685,181,1023,1996,4337,711,1596,1222
108.27938448878098,3394,3477,312,1891,2361,3037,416,1832,1900
163.18158282029287,4411,3240,286,1290,2343,3874,522,1630,1432
191.76092671162323,4469,3055,256,1319,2183,3948,589,1737,1454
96.01384784769351,2936,3698,339,1960,2324,3009,434,1904,2043
158.45777883207992,3981,3225,282,1564,2302,3652,514,1846,1572
209.97718354633088,4872,3017,223,1046,2202,3988,686,1612,1328
113.81528463971587,3363,3404,284,2318,2243,3155,461,1886,1869
92.72075869654866,3175,3648,281,1999,2417,2898,448,1944,1930
92.84517812846462,2998,3507,347,2223,2296,2935,439,2043,2060
132.17705833927928,3716,3304,289,1411,2364,3442,539,1920,1830
189.2553130053399,4134,3194,305,1500,2158,3926,541,1833,1605
127.29313698679218,3314,3342,262,2042,2209,3279,540,1865,1767
192.79414467189622,4249,2957,294,1643,2069,3840,572,1861,1555
250.17781702396044,4765,2558,238,1327,1760,4350,592,1754,1303
170.08835673700153,4365,3280,240,926,2352,3808,624,1628,1565
105.35825758590947,3257,3365,262,2027,2382,3240,473,1830,1856
123.2035959279568,3641,3502,265,1507,2402,3580,558,1851,1785
149.5345361768472,3976,3085,308,1555,2248,3767,565,1848,1616
95.34472088765695,3306,3567,349,2050,2344,2925,516,1999,2008
103.89809407151455,3221,3406,311,2005,2177,3193,419,2019,2034
260.52329901502475,4773,2823,204,1465,2005,4408,578,1554,1404
101.08471251110494,3335,3514,290,1747,2424,3201,460,1788,1918
96.83134461499864,3142,3676,300,1925,2367,3067,478,2088,1949
100.7422344373171,3042,3369,352,2570,2270,2899,460,1936,2007
113.38928967869562,3303,3247,298,2183,2244,3110,470,1945,1943
178.15402756956473,4153,3069,236,1344,2303,3886,570,1832,1557
112.92373201313403,3393,3333,306,1825,2307,3240,513,2038,1860
129.88569431924418,3760,3630,275,1163,2658,3461,466,1720,1640
112.2749655808747,3513,3407,294,2100,2187,3161,486,1919,1820
139.2405142340106,3870,3424,269,1103,2380,3641,570,1827,1632
179.2879995023606,4410,3077,269,1327,2316,3875,608,1711,1396
149.54833222470333,4100,3253,285,1644,2340,3513,520,1760,1787
124.7997978509838,3807,3472,222,1661,2358,3531,521,1813,1691
125.41410249092242,3570,3407,285,1864,2299,3360,467,1844,1824
195.9811401674203,4537,3042,231,1272,2188,4088,638,1631,1395
205.48147298244783,4468,2949,258,1148,2271,4123,642,1635,1363
95.76663059176927,3084,3472,290,2159,2369,2991,434,1982,2007
129.0422922042717,3728,3293,299,1486,2401,3457,525,1857,1739
94.83558356920591,3089,3537,313,2147,2360,2946,457,1832,1882
179.06516873996458,4159,3047,256,1467,2132,3638,604,1906,1429
135.79491091310683,3601,3131,303,2470,2186,3296,471,1882,1754
467.8563589714482,6104,1988,206,1430,1332,5325,601,1420,700
197.91950607069427,4597,3005,221,1326,2092,4108,534,1687,1389
191.59527005512038,4363,3141,195,1451,2152,3919,588,1684,1538
105.7898078202448,3118,3437,304,2185,2352,3040,463,2024,2057
156.90872482024244,4049,3205,287,1617,2288,3639,579,1726,1512
99.64473240983834,3248,3472,331,2094,2344,3015,451,1941,2030
90.24348170326903,3125,3611,315,2367,2293,2833,466,1921,1926
192.15320076624766,4717,3056,264,916,2019,4337,599,1684,1331
113.04905414059239,3476,3467,345,1840,2405,3245,533,1891,1943
86.23272297232367,2720,3489,354,2500,2202,2757,445,1982,2096
163.22405435765302,4097,3172,279,1304,2288,3865,480,1867,1532
88.77780500249993,2853,3502,369,2341,2300,2795,454,1967,2126
103.70613626092964,3058,3455,326,2303,2328,2938,413,1897,1992
109.64323604946539,3329,3482,325,1971,2208,3301,453,1920,1865
99.05178272690569,3256,3503,309,2073,2405,3161,475,1911,2016
117.13064898182712,3690,3374,279,1332,2441,3483,511,1898,1894
78.53124923046597,2344,3448,346,2910,2101,2611,415,2073,2243
92.70379755579805,2877,3501,267,2427,2275,2957,388,2072,2051
122.16481972679806,3666,3387,314,1485,2477,3479,491,1859,1729
87.24143883334494,2828,3545,302,2446,2194,2881,416,1929,2199
121.60577820627833,3792,3453,288,1553,2334,3516,547,1868,1653
108.69025769720002,3451,3484,300,1845,2460,3262,430,1929,1990
261.3273326718062,4738,2710,265,1631,1878,4303,455,1760,1294
105.39521904697604,3066,3394,311,2274,2175,3055,488,1978,2005
235.63028944727108,4873,2673,252,1321,1973,4384,566,1745,1298
192.65033570632116,4327,3036,228,1308,2147,3922,605,1709,1437
122.03272968371824,3900,3451,246,1272,2473,3415,532,1858,1752
135.64205863717893,4317,3409,242,1132,2497,3690,547,1735,1579
117.71434898730949,3376,3431,319,1756,2496,3244,460,1860,1867
208.72536459420152,4442,3156,268,1259,2212,3890,554,1630,1449
146.6628706592354,3939,3526,270,1087,2441,3616,516,1840,1598
119.93145152615115,2942,3199,322,2517,1957,3028,436,2022,2005
173.70381966680844,4466,3066,217,1197,2270,3801,651,1674,1392
90.17923750195573,2834,3581,344,2148,2202,2986,357,2067,2122
108.37288171634246,3380,3535,278,1728,2458,3253,489,1864,1812
109.61407729717011,3330,3545,338,1736,2321,3262,489,1847,1833
95.14860354845094,3127,3638,314,1942,2348,3174,456,1984,2162
118.4965192317643,3390,3384,283,2129,2289,3190,428,1824,1973
109.1817216405606,3346,3497,308,1926,2269,3114,502,1899,1864
110.13308150705755,3110,3324,317,2475,2179,3063,426,1854,2019
84.37169345822078,2674,3504,328,2497,2234,2747,417,2069,2159
222.86980205710955,4842,2766,229,1069,2105,4200,608,1742,1254
97.41600736148361,3329,3646,297,1697,2358,3195,497,1931,1964
127.66540468862674,3629,3289,279,1489,2380,3528,574,1945,1681
116.98591825848523,3287,3243,266,2371,2123,3145,496,1909,1834
156.34251587642032,4099,3160,279,1666,2179,3611,540,1766,1650
225.423309823544,4461,3002,242,1199,2136,4024,621,1720,1398
194.59182642675148,4647,3015,236,1213,2193,4013,587,1717,1428
274.5293616045405,5046,2519,250,1307,1998,4457,627,1675,1182
101.35891168710697,3065,3362,340,2312,2219,2900,452,1852,1935
113.52241073210577,3397,3560,283,1978,2311,3172,445,1785,1881
208.47484269804943,4915,3021,229,1007,2108,4182,669,1696,1297
111.71780127168219,3654,3434,307,1240,2490,3289,508,1876,1753
114.78201072892831,3672,3519,293,1746,2376,3303,526,1872,1763
152.2691596166049,4104,3132,278,1742,2129,3668,535,1871,1491
175.36723288302795,3821,3037,309,1796,2054,3604,493,1894,1645
87.00997796985529,2969,3609,325,2046,2364,2880,464,1975,2186
178.79993541116815,4376,3172,285,1267,2259,4015,527,1769,1352
126.29159944831855,3886,3340,279,1492,2342,3418,526,1801,1665
173.5940698660114,4116,3296,239,1336,2382,3725,575,1611,1541
144.26062982817473,3793,3236,265,1869,2296,3340,510,1920,1742
315.84742065209105,5099,2306,231,1534,1680,4828,597,1657,1063
