cycle_time,spt_policy,fifo_policy,hrrn_policy,longest_queue_policy,shortest_queue_policy,least_flexible_resource_policy,most_flexible_resource_policy,least_flexible_activity_policy,most_flexible_activity_policy
394.2734019095675,0,0,0,0,0,0,0,0,0
315.5848979540818,0,0,0,0,0,0,0,0,0
289.12426862548205,0,0,0,0,0,0,0,0,0
188.07982462326507,0,0,0,0,0,0,0,0,0
295.70813248172186,0,0,0,0,0,0,0,0,0
242.05882691551125,0,0,0,0,0,0,0,0,0
374.2457356976677,0,0,0,0,0,0,0,0,0
339.7224726626094,0,0,0,0,0,0,0,0,0
422.90770182341487,0,0,0,0,0,0,0,0,0
337.07753962169517,0,0,0,0,0,0,0,0,0
356.69549945569685,0,0,0,0,0,0,0,0,0
380.15718827160526,0,0,0,0,0,0,0,0,0
319.159916969423,0,0,0,0,0,0,0,0,0
261.713171339878,0,0,0,0,0,0,0,0,0
167.99310149106853,0,0,0,0,0,0,0,0,0
307.5450540162369,0,0,0,0,0,0,0,0,0
322.7010755715126,0,0,0,0,0,0,0,0,0
388.46034378419984,0,0,0,0,0,0,0,0,0
646.0656331637903,0,0,0,0,0,0,0,0,0
247.88030409222898,0,0,0,0,0,0,0,0,0
334.0525611940425,0,0,0,0,0,0,0,0,0
314.9070752932801,0,0,0,0,0,0,0,0,0
398.47440638048346,0,0,0,0,0,0,0,0,0
366.52393368709284,0,0,0,0,0,0,0,0,0
183.9920166413895,0,0,0,0,0,0,0,0,0
459.0547786826263,0,0,0,0,0,0,0,0,0
401.6918607967522,0,0,0,0,0,0,0,0,0
386.60860104083565,0,0,0,0,0,0,0,0,0
292.6377093525811,0,0,0,0,0,0,0,0,0
239.60727018743003,0,0,0,0,0,0,0,0,0
547.4640283881618,0,0,0,0,0,0,0,0,0
329.98721425014025,0,0,0,0,0,0,0,0,0
311.61274939464147,0,0,0,0,0,0,0,0,0
437.1334411816728,0,0,0,0,0,0,0,0,0
496.779577453874,0,0,0,0,0,0,0,0,0
359.7881440320208,0,0,0,0,0,0,0,0,0
225.81797346220193,0,0,0,0,0,0,0,0,0
315.1781208251075,0,0,0,0,0,0,0,0,0
341.75806295655065,0,0,0,0,0,0,0,0,0
394.7344045903863,0,0,0,0,0,0,0,0,0
276.59332882991356,0,0,0,0,0,0,0,0,0
447.50895403424676,0,0,0,0,0,0,0,0,0
395.29916486042964,0,0,0,0,0,0,0,0,0
355.2193869457505,0,0,0,0,0,0,0,0,0
140.34474494427755,0,0,0,0,0,0,0,0,0
327.1723297596111,0,0,0,0,0,0,0,0,0
255.7389292582098,0,0,0,0,0,0,0,0,0
367.4239631985023,0,0,0,0,0,0,0,0,0
300.55405181727247,0,0,0,0,0,0,0,0,0
446.8014158762914,0,0,0,0,0,0,0,0,0
338.2158955625771,0,0,0,0,0,0,0,0,0
389.7870936014442,0,0,0,0,0,0,0,0,0
444.46541271721145,0,0,0,0,0,0,0,0,0
235.141110744105,0,0,0,0,0,0,0,0,0
429.1397793805685,0,0,0,0,0,0,0,0,0
169.91806018600388,0,0,0,0,0,0,0,0,0
297.4701880927066,0,0,0,0,0,0,0,0,0
364.1704836667151,0,0,0,0,0,0,0,0,0
220.15218503719805,0,0,0,0,0,0,0,0,0
374.6883654604701,0,0,0,0,0,0,0,0,0
311.3975299591142,0,0,0,0,0,0,0,0,0
341.9789869584292,0,0,0,0,0,0,0,0,0
502.66937853478885,0,0,0,0,0,0,0,0,0
393.1020182719128,0,0,0,0,0,0,0,0,0
402.4837908605321,0,0,0,0,0,0,0,0,0
315.25626818809394,0,0,0,0,0,0,0,0,0
270.78675205856166,0,0,0,0,0,0,0,0,0
376.57194716529835,0,0,0,0,0,0,0,0,0
283.865038576699,0,0,0,0,0,0,0,0,0
237.13230264216006,0,0,0,0,0,0,0,0,0
341.96655831425386,0,0,0,0,0,0,0,0,0
235.4559304475041,0,0,0,0,0,0,0,0,0
232.49558466032826,0,0,0,0,0,0,0,0,0
264.2496519622201,0,0,0,0,0,0,0,0,0
537.7024258921585,0,0,0,0,0,0,0,0,0
415.5380266828835,0,0,0,0,0,0,0,0,0
314.4486504547978,0,0,0,0,0,0,0,0,0
366.8299123899885,0,0,0,0,0,0,0,0,0
372.40348977922133,0,0,0,0,0,0,0,0,0
221.02323321352816,0,0,0,0,0,0,0,0,0
266.8941592950322,0,0,0,0,0,0,0,0,0
379.847786714536,0,0,0,0,0,0,0,0,0
350.4438552822534,0,0,0,0,0,0,0,0,0
392.401045187273,0,0,0,0,0,0,0,0,0
419.10419467691486,0,0,0,0,0,0,0,0,0
285.54241642495725,0,0,0,0,0,0,0,0,0
289.09260213756613,0,0,0,0,0,0,0,0,0
443.77734036414864,0,0,0,0,0,0,0,0,0
166.04102701023155,0,0,0,0,0,0,0,0,0
283.356531557039,0,0,0,0,0,0,0,0,0
292.62307270533177,0,0,0,0,0,0,0,0,0
243.31738708495465,0,0,0,0,0,0,0,0,0
272.52223304960944,0,0,0,0,0,0,0,0,0
272.0127090098131,0,0,0,0,0,0,0,0,0
346.77506971943876,0,0,0,0,0,0,0,0,0
223.26272023235524,0,0,0,0,0,0,0,0,0
228.17005098210885,0,0,0,0,0,0,0,0,0
501.38370830306894,0,0,0,0,0,0,0,0,0
414.27205956078467,0,0,0,0,0,0,0,0,0
454.3106234088007,0,0,0,0,0,0,0,0,0
175.91309756483352,0,0,0,0,0,0,0,0,0
331.45935971102284,0,0,0,0,0,0,0,0,0
334.60632752370145,0,0,0,0,0,0,0,0,0
272.12541474018093,0,0,0,0,0,0,0,0,0
532.6885198974871,0,0,0,0,0,0,0,0,0
340.3058489264013,0,0,0,0,0,0,0,0,0
430.7229821501524,0,0,0,0,0,0,0,0,0
397.907990179823,0,0,0,0,0,0,0,0,0
453.0639342462341,0,0,0,0,0,0,0,0,0
236.3905886541885,0,0,0,0,0,0,0,0,0
422.5948040433357,0,0,0,0,0,0,0,0,0
489.55078695635245,0,0,0,0,0,0,0,0,0
534.8524280204977,0,0,0,0,0,0,0,0,0
383.2043316103157,0,0,0,0,0,0,0,0,0
402.0654115491876,0,0,0,0,0,0,0,0,0
248.0986707676401,0,0,0,0,0,0,0,0,0
431.87474809026645,0,0,0,0,0,0,0,0,0
322.5879726300186,0,0,0,0,0,0,0,0,0
323.87945782073837,0,0,0,0,0,0,0,0,0
298.09991631841245,0,0,0,0,0,0,0,0,0
440.045911285705,0,0,0,0,0,0,0,0,0
326.03130721997206,0,0,0,0,0,0,0,0,0
241.22302241909742,0,0,0,0,0,0,0,0,0
264.745016708733,0,0,0,0,0,0,0,0,0
417.33257039825475,0,0,0,0,0,0,0,0,0
424.5536332538871,0,0,0,0,0,0,0,0,0
320.9259855378807,0,0,0,0,0,0,0,0,0
324.8963687009746,0,0,0,0,0,0,0,0,0
455.12749557006674,0,0,0,0,0,0,0,0,0
224.6340166665127,0,0,0,0,0,0,0,0,0
322.0006141614077,0,0,0,0,0,0,0,0,0
301.8514883432502,0,0,0,0,0,0,0,0,0
542.8637183925779,0,0,0,0,0,0,0,0,0
252.7679053647127,0,0,0,0,0,0,0,0,0
289.255743347361,0,0,0,0,0,0,0,0,0
225.70251642846017,0,0,0,0,0,0,0,0,0
310.9451482149022,0,0,0,0,0,0,0,0,0
231.4876371500346,0,0,0,0,0,0,0,0,0
279.3092334660256,0,0,0,0,0,0,0,0,0
439.4677825567103,0,0,0,0,0,0,0,0,0
312.7153643726486,0,0,0,0,0,0,0,0,0
479.0911541505755,0,0,0,0,0,0,0,0,0
350.1267131249854,0,0,0,0,0,0,0,0,0
264.90499009401884,0,0,0,0,0,0,0,0,0
466.51565854487177,0,0,0,0,0,0,0,0,0
322.57517464636254,0,0,0,0,0,0,0,0,0
483.47529544327614,0,0,0,0,0,0,0,0,0
339.4155905052188,0,0,0,0,0,0,0,0,0
313.3149987121484,0,0,0,0,0,0,0,0,0
480.50837432266604,0,0,0,0,0,0,0,0,0
384.95824029297967,0,0,0,0,0,0,0,0,0
298.19161255189385,0,0,0,0,0,0,0,0,0
210.5910281940781,0,0,0,0,0,0,0,0,0
454.3687400631275,0,0,0,0,0,0,0,0,0
136.94924036824798,0,0,0,0,0,0,0,0,0
401.77514722251044,0,0,0,0,0,0,0,0,0
309.32181703556284,0,0,0,0,0,0,0,0,0
355.3374265128337,0,0,0,0,0,0,0,0,0
751.7369710992626,0,0,0,0,0,0,0,0,0
402.42445909976516,0,0,0,0,0,0,0,0,0
462.87640749580095,0,0,0,0,0,0,0,0,0
273.5018089149549,0,0,0,0,0,0,0,0,0
161.38613126813848,0,0,0,0,0,0,0,0,0
613.5403658123247,0,0,0,0,0,0,0,0,0
140.4284479104683,0,0,0,0,0,0,0,0,0
421.5719442801689,0,0,0,0,0,0,0,0,0
406.7043061925857,0,0,0,0,0,0,0,0,0
169.4479221414369,0,0,0,0,0,0,0,0,0
187.64137707399018,0,0,0,0,0,0,0,0,0
296.3224446452131,0,0,0,0,0,0,0,0,0
413.6508825887113,0,0,0,0,0,0,0,0,0
317.6918453518998,0,0,0,0,0,0,0,0,0
448.56779009804364,0,0,0,0,0,0,0,0,0
158.75167726361806,0,0,0,0,0,0,0,0,0
401.7431946323969,0,0,0,0,0,0,0,0,0
280.47646892355283,0,0,0,0,0,0,0,0,0
309.070027795919,0,0,0,0,0,0,0,0,0
169.34564123768405,0,0,0,0,0,0,0,0,0
306.9824618141381,0,0,0,0,0,0,0,0,0
445.87720571518645,0,0,0,0,0,0,0,0,0
286.08014701247345,0,0,0,0,0,0,0,0,0
219.97631918953573,0,0,0,0,0,0,0,0,0
469.8483109965984,0,0,0,0,0,0,0,0,0
426.0240355667843,0,0,0,0,0,0,0,0,0
441.74849401663886,0,0,0,0,0,0,0,0,0
282.8394178685346,0,0,0,0,0,0,0,0,0
395.4529198382543,0,0,0,0,0,0,0,0,0
392.2999987466264,0,0,0,0,0,0,0,0,0
605.1377085220934,0,0,0,0,0,0,0,0,0
224.47876602085302,0,0,0,0,0,0,0,0,0
288.48922116581,0,0,0,0,0,0,0,0,0
335.9004299822421,0,0,0,0,0,0,0,0,0
343.08072112350465,0,0,0,0,0,0,0,0,0
373.8578622964744,0,0,0,0,0,0,0,0,0
414.3961260382671,0,0,0,0,0,0,0,0,0
349.808801828745,0,0,0,0,0,0,0,0,0
164.2314660882442,0,0,0,0,0,0,0,0,0
481.4903557755328,0,0,0,0,0,0,0,0,0
304.55169347900363,0,0,0,0,0,0,0,0,0
492.8826728987169,0,0,0,0,0,0,0,0,0
234.5824338184982,0,0,0,0,0,0,0,0,0
213.47613905655504,0,0,0,0,0,0,0,0,0
256.84704805706514,0,0,0,0,0,0,0,0,0
180.30614927882087,0,0,0,0,0,0,0,0,0
465.6272085467685,0,0,0,0,0,0,0,0,0
411.8790163674886,0,0,0,0,0,0,0,0,0
312.8019047201967,0,0,0,0,0,0,0,0,0
498.0513114762525,0,0,0,0,0,0,0,0,0
269.90841486537937,0,0,0,0,0,0,0,0,0
210.35845102538877,0,0,0,0,0,0,0,0,0
245.93573731477596,0,0,0,0,0,0,0,0,0
404.9653225088163,0,0,0,0,0,0,0,0,0
381.7360256234877,0,0,0,0,0,0,0,0,0
252.37491322169794,0,0,0,0,0,0,0,0,0
315.2308719386837,0,0,0,0,0,0,0,0,0
427.74485334970103,0,0,0,0,0,0,0,0,0
487.2483280500612,0,0,0,0,0,0,0,0,0
290.8487839776993,0,0,0,0,0,0,0,0,0
443.4344170131488,0,0,0,0,0,0,0,0,0
294.7722687271651,0,0,0,0,0,0,0,0,0
509.0958909707752,0,0,0,0,0,0,0,0,0
260.6648394521712,0,0,0,0,0,0,0,0,0
315.97300347561765,0,0,0,0,0,0,0,0,0
276.3961778278833,0,0,0,0,0,0,0,0,0
154.87398356282725,0,0,0,0,0,0,0,0,0
406.0062376779319,0,0,0,0,0,0,0,0,0
373.2059988485539,0,0,0,0,0,0,0,0,0
517.1595951941052,0,0,0,0,0,0,0,0,0
407.50356610344693,0,0,0,0,0,0,0,0,0
264.5777844743426,0,0,0,0,0,0,0,0,0
341.1549195481437,0,0,0,0,0,0,0,0,0
437.035508048423,0,0,0,0,0,0,0,0,0
190.7547594577436,0,0,0,0,0,0,0,0,0
619.9581086231888,0,0,0,0,0,0,0,0,0
414.3308486348868,0,0,0,0,0,0,0,0,0
504.8171726271875,0,0,0,0,0,0,0,0,0
250.00890940851346,0,0,0,0,0,0,0,0,0
477.3898675340369,0,0,0,0,0,0,0,0,0
532.9992543475829,0,0,0,0,0,0,0,0,0
300.46024996506276,0,0,0,0,0,0,0,0,0
426.30725011005944,0,0,0,0,0,0,0,0,0
441.89110891738244,0,0,0,0,0,0,0,0,0
436.78027957655416,0,0,0,0,0,0,0,0,0
161.51850897692208,0,0,0,0,0,0,0,0,0
295.2336965073793,0,0,0,0,0,0,0,0,0
265.968298025854,0,0,0,0,0,0,0,0,0
290.384437383073,0,0,0,0,0,0,0,0,0
512.1844965205024,0,0,0,0,0,0,0,0,0
220.81260022910527,0,0,0,0,0,0,0,0,0
318.1631953120775,0,0,0,0,0,0,0,0,0
305.0168732066548,0,0,0,0,0,0,0,0,0
181.57653100451498,0,0,0,0,0,0,0,0,0
388.33793225828435,0,0,0,0,0,0,0,0,0
410.948486843846,0,0,0,0,0,0,0,0,0
315.77680870818523,0,0,0,0,0,0,0,0,0
530.016180172804,0,0,0,0,0,0,0,0,0
416.45288904635106,0,0,0,0,0,0,0,0,0
180.44859222395553,0,0,0,0,0,0,0,0,0
238.791673388574,0,0,0,0,0,0,0,0,0
307.8026029792282,0,0,0,0,0,0,0,0,0
369.49399552563096,0,0,0,0,0,0,0,0,0
302.76218480645707,0,0,0,0,0,0,0,0,0
226.52776694940525,0,0,0,0,0,0,0,0,0
196.08105052705486,0,0,0,0,0,0,0,0,0
290.4722972250142,0,0,0,0,0,0,0,0,0
528.491244531089,0,0,0,0,0,0,0,0,0
231.31457355838822,0,0,0,0,0,0,0,0,0
500.00809706864266,0,0,0,0,0,0,0,0,0
461.7092572151248,0,0,0,0,0,0,0,0,0
185.8637888582509,0,0,0,0,0,0,0,0,0
311.4907327646631,0,0,0,0,0,0,0,0,0
263.62099217387964,0,0,0,0,0,0,0,0,0
251.5140641426455,0,0,0,0,0,0,0,0,0
285.3756145676331,0,0,0,0,0,0,0,0,0
483.86197347686755,0,0,0,0,0,0,0,0,0
389.4193673909868,0,0,0,0,0,0,0,0,0
462.1627989878041,0,0,0,0,0,0,0,0,0
324.1773553348198,0,0,0,0,0,0,0,0,0
347.3043951026101,0,0,0,0,0,0,0,0,0
383.8027193416206,0,0,0,0,0,0,0,0,0
217.92786468289242,0,0,0,0,0,0,0,0,0
229.13476939381607,0,0,0,0,0,0,0,0,0
344.3422320755455,0,0,0,0,0,0,0,0,0
260.279540986695,0,0,0,0,0,0,0,0,0
384.2613708951049,0,0,0,0,0,0,0,0,0
373.0736080910007,0,0,0,0,0,0,0,0,0
337.68933348031425,0,0,0,0,0,0,0,0,0
290.62088548916427,0,0,0,0,0,0,0,0,0
319.4201407910741,0,0,0,0,0,0,0,0,0
263.3916437099141,0,0,0,0,0,0,0,0,0
335.72645065612693,0,0,0,0,0,0,0,0,0
249.44335127038033,0,0,0,0,0,0,0,0,0
247.078035002004,0,0,0,0,0,0,0,0,0
530.5795434109948,0,0,0,0,0,0,0,0,0
348.4814351937251,0,0,0,0,0,0,0,0,0
306.7906347586392,0,0,0,0,0,0,0,0,0
344.55587527874974,0,0,0,0,0,0,0,0,0
267.0806261205911,0,0,0,0,0,0,0,0,0
317.1415891189644,0,0,0,0,0,0,0,0,0
460.3988514949425,0,0,0,0,0,0,0,0,0
