cycle_time,spt_policy,fifo_policy,hrrn_policy,longest_queue_policy,shortest_queue_policy
97.60822214115193,9188,4505,1797,2526,937
92.39005445449475,8789,4611,1878,2548,863
121.26885726633337,9613,4335,1700,2385,1073
88.77439680912252,8776,4510,1930,2534,819
204.75850252272903,9527,4479,1576,2154,1160
115.55957755238346,8898,4529,1837,2474,957
96.58424651916184,9079,4425,1966,2572,836
130.44216136745246,9082,4588,1750,2433,899
94.18044924292946,8996,4325,2101,2540,835
115.84930490908297,9262,4574,1805,2492,994
106.85846159596932,9104,4453,2010,2550,941
125.06220076824846,9198,4548,1751,2514,1032
106.69259199477956,9062,4578,1817,2431,804
107.96666517232167,9216,4508,1884,2481,930
117.30997442506037,8906,4612,1844,2409,999
186.85672806941224,9572,4537,1544,2153,1075
91.44441880613448,8846,4442,2061,2495,806
139.91897020096235,9699,4338,1680,2388,1109
90.67526842119999,8957,4483,1945,2632,843
112.8785542308053,9250,4542,1768,2416,989
106.10947506722121,9069,4496,1833,2582,883
84.96610354570991,8587,4649,2044,2563,828
141.30901162915964,9163,4568,1859,2449,977
87.740084762074,8872,4499,2010,2654,771
98.14786563858145,9537,4230,1771,2521,930
201.7587357760021,9557,4594,1548,2235,1136
104.4389392106495,9067,4465,1918,2506,937
119.79981234757544,9181,4506,1882,2572,1031
106.88098509133984,8996,4468,1963,2503,900
162.3765752992419,9378,4420,1645,2281,980
91.13927370416945,8767,4603,2092,2662,862
93.85493637484915,8996,4528,1903,2594,746
103.67225146239261,8888,4491,1850,2600,860
229.21094395736927,9743,4644,1397,2167,987
96.09715065107426,8821,4464,1939,2544,783
145.2279971669661,9119,4620,1921,2511,1112
92.16100886166024,8688,4520,2153,2660,737
126.89440085701952,9129,4394,1827,2440,1040
76.62785037907021,8449,4734,2287,2709,726
103.70610597876623,8908,4648,1951,2611,892
114.5759276749566,8982,4398,2032,2620,1002
116.63674349406757,8981,4445,1859,2601,908
110.4057442606109,9186,4487,1721,2430,919
159.57446355971987,9480,4439,1542,2271,1158
188.99668269124626,9601,4611,1659,2352,1060
127.86249859270319,9598,4256,1664,2346,1020
99.48930091242154,8919,4561,2095,2686,818
120.44113377810616,9380,4383,1711,2512,1030
117.84890354065126,9313,4441,1772,2367,934
108.71076163461292,9132,4678,1790,2510,939
133.19838476137008,9806,4303,1604,2395,1091
88.46714345557763,8506,4606,2127,2766,789
98.67790360605203,9461,4237,1680,2430,827
141.94564301996465,9457,4316,1749,2291,1137
134.24508936932114,9311,4354,1762,2424,967
103.27862654283113,9209,4447,1741,2507,866
96.81352322018626,8719,4662,1934,2560,856
92.50539051017226,8864,4495,1935,2592,797
87.1748113841169,8617,4625,2231,2756,850
113.22273775257476,9182,4433,1959,2528,887
159.78543256693223,9233,4439,1702,2305,1109
101.33627941315837,9081,4426,1651,2494,812
207.93459728522646,9470,4769,1328,2084,1161
166.5403279040453,9534,4571,1560,2357,1177
156.4812180097341,9545,4526,1514,2299,1132
146.47971490304255,9495,4401,1575,2285,1062
193.85790279310487,9812,4431,1435,2069,1149
105.69237479741446,8914,4587,1899,2568,850
137.83544585462386,9487,4370,1508,2388,1101
134.99870918830635,9157,4481,1727,2472,993
116.41769698780466,9443,4487,1732,2380,875
110.94831977191814,9018,4411,1850,2532,809
98.577746043375,8863,4619,2008,2568,820
132.86891110475494,9588,4349,1605,2367,1029
111.69797242523187,9002,4452,1913,2454,889
99.93525166633026,9162,4498,1723,2531,850
171.0511047334261,10210,4296,1303,2157,1206
107.08721798652437,8938,4582,1815,2474,970
107.16483887424593,9223,4300,1727,2529,841
122.61757066186914,9257,4418,1637,2359,1003
145.8016752758644,9655,4408,1599,2247,1062
93.99196237823018,8853,4402,1878,2537,842
99.06727990294499,8788,4589,2043,2577,824
156.95219939303487,9327,4527,1720,2511,1087
131.87460053007266,9652,4419,1586,2329,988
113.07090379645801,9051,4465,1723,2464,881
107.75052922459116,9065,4596,1834,2490,914
135.05777419954708,9337,4449,1771,2333,946
83.47624623150567,8983,4414,2079,2711,781
130.47506080147375,9423,4303,1783,2362,950
102.27606298132758,9269,4326,1795,2529,1031
141.81933260960645,9804,4334,1536,2259,1125
199.60869164053747,9558,4580,1529,2272,1092
146.6905641427284,9530,4399,1486,2259,1105
94.22132365304137,8729,4688,1818,2591,791
143.86187998241977,9427,4316,1635,2564,1035
121.54143282043927,9370,4356,1852,2385,960
151.44899302163742,9988,4312,1532,2215,1293
107.8226004459009,9132,4383,1898,2539,881
112.31889302585046,9692,4170,1555,2342,1020
106.88555778358537,8942,4438,1914,2537,900
116.448683194446,9112,4425,1994,2528,975
110.79096382873456,9216,4374,1865,2616,957
127.54764395225618,9615,4371,1624,2367,1003
142.62373106165833,9493,4535,1617,2382,1109
86.5640985013064,8896,4561,2122,2601,794
90.01877030052562,8622,4626,2142,2634,752
97.61725228140651,9290,4236,1706,2458,837
83.19299257805679,8729,4583,2144,2761,745
105.90806029632061,9002,4488,1860,2607,939
125.72881079915301,9317,4331,1723,2477,1045
123.01620745759588,9474,4386,1743,2533,934
104.84555976691448,9095,4499,1852,2511,948
116.50561573886748,9135,4443,1777,2447,959
90.27738919598944,8949,4589,1935,2620,878
112.08388099519539,9307,4496,1669,2474,878
155.50786493671788,9695,4268,1449,2377,1173
126.63801133509388,9048,4447,1873,2514,963
143.69518928090568,9481,4353,1786,2398,1151
119.25916468933681,9266,4359,1725,2439,1002
160.19280898869766,9499,4490,1531,2257,1029
233.85318317132248,9971,4596,1400,2114,1109
74.8701317532717,8367,4581,2158,2866,705
126.10429762948588,9446,4508,1725,2362,1092
96.96198499284193,8820,4411,2000,2753,858
149.01156379845193,9700,4297,1537,2306,1140
110.5095297210277,9032,4572,1888,2431,919
111.48480726488702,9201,4466,1680,2508,993
133.8612666898828,9390,4381,1628,2262,968
332.6997886035467,9828,4849,1273,2008,845
263.1567885825587,9682,4590,1378,2148,1002
113.7321157589841,9492,4393,1704,2323,1008
87.97415786885568,8935,4426,1927,2569,736
111.73158269603437,8943,4677,1938,2530,985
83.25856377427449,8794,4457,1940,2708,778
101.82700826429888,9013,4535,1907,2651,844
113.88723270866082,9521,4302,1644,2396,1051
112.37895923326221,9248,4387,1724,2654,1054
93.4300160268486,9163,4335,1909,2667,870
116.3938664938295,9305,4405,1822,2491,945
110.23521868269462,9000,4472,1858,2488,943
108.65869822870698,9386,4378,1870,2468,935
132.26075444347114,9341,4409,1747,2327,1042
121.84364448984591,9248,4380,1826,2503,894
136.73060171282071,9431,4408,1636,2360,1022
184.56219694664452,9663,4451,1573,2296,1123
137.5542326675633,9388,4521,1849,2451,1098
115.66124366304945,9334,4449,1852,2401,1016
164.93846062107374,9054,4761,1682,2362,902
156.5978607757952,9349,4456,1596,2342,1126
150.6776582840135,9518,4460,1659,2393,1106
107.97239445850174,8921,4544,2042,2570,846
110.08471376864989,9218,4402,1752,2387,846
120.90180858958692,9392,4177,1714,2341,1002
133.89687728154266,9402,4388,1760,2196,1063
108.5782851317134,9227,4519,1794,2541,980
104.43711065075657,9078,4522,1814,2495,837
101.7713345349029,9483,4320,1993,2512,894
121.86833436620371,9191,4500,1739,2634,931
129.96169339019193,9219,4535,1742,2519,983
124.88992600405068,9454,4300,1631,2296,1116
136.450419953477,9610,4434,1480,2390,1021
114.51629030589612,9547,4178,1806,2479,898
93.42789506132894,9168,4491,1961,2585,820
106.94471115621899,9257,4497,1848,2574,825
115.76727777364762,9396,4480,1711,2561,898
117.95896742486926,9280,4273,1778,2566,1092
100.7330143175479,9262,4387,1971,2695,923
101.17285109682226,8936,4462,1971,2523,845
168.87549353354962,9566,4607,1602,2222,1070
104.76661205058599,8821,4596,1848,2567,953
144.58325340742223,9398,4445,1584,2373,1153
118.83530166588022,9183,4491,1896,2554,1036
87.0223760194699,8582,4590,1929,2572,800
100.15830413062184,8624,4668,2124,2630,805
165.54670003615888,9487,4418,1592,2349,1122
97.39281953544258,8877,4630,1997,2656,880
94.17766690756011,8842,4464,2056,2628,885
117.34204088171849,9200,4465,1907,2571,975
175.53644490010163,9971,4245,1378,2215,1270
133.53150038849012,9409,4348,1815,2493,972
130.7564741871603,9218,4518,1728,2477,964
95.41743949960895,9028,4351,2029,2625,857
115.51622302408074,9027,4592,2086,2534,876
99.88196772529274,8973,4366,1935,2531,839
124.33939364547312,9339,4348,1792,2391,927
96.77508356355091,9162,4471,1856,2473,856
90.01608466987221,8580,4666,2008,2614,707
131.85918963796004,9055,4634,1842,2343,968
92.49954185255255,9305,4333,1897,2439,895
118.02254529355885,9194,4328,1992,2527,930
128.3351543219585,9691,4415,1721,2369,1129
121.03901360562239,9598,4265,1507,2315,1076
94.38816874779845,8873,4524,1721,2625,847
120.25042711263173,9385,4392,1620,2429,1046
146.16567977264302,9620,4348,1760,2422,1073
82.45986049212866,8503,4638,2102,2686,718
106.5738631266946,9058,4434,1905,2618,860
90.59238995068172,9091,4495,1971,2617,788
130.4775812964892,9069,4633,1862,2358,962
91.63865059473983,8792,4655,1971,2557,879
105.66775878868722,9261,4335,1780,2611,939
101.38379878376911,9280,4350,1831,2461,920
107.84064589988668,9152,4358,1671,2479,1122
164.52960881922303,9363,4657,1762,2298,945
111.85083754448692,9092,4441,1817,2361,990
94.8132601933237,8500,4614,2099,2673,866
114.9117691654273,9081,4410,1810,2534,884
145.1031589352061,9228,4380,1764,2444,1032
119.50260050577728,9085,4565,1781,2493,903
112.93342613011556,9521,4253,1659,2388,961
133.17431096257863,9763,4208,1516,2351,1145
133.58811522635904,9347,4539,1652,2388,901
106.9977957604453,9113,4467,1729,2499,899
145.20660281838477,9412,4508,1656,2316,902
183.6825536059233,9425,4571,1544,2310,971
123.18207051609524,9132,4468,1865,2476,970
135.78968472772104,9417,4492,1799,2456,1008
127.67009328814666,8718,4715,1891,2532,836
228.81346309969862,9571,4761,1607,2201,1167
112.76950701999135,9240,4513,1705,2607,1059
121.09401001199255,9173,4476,1763,2475,955
105.02527281538605,9096,4446,1922,2470,914
86.01276977155665,8797,4619,2016,2508,740
100.29164999341185,9206,4406,1730,2392,907
132.11862905171157,9377,4408,1512,2413,1108
115.70698760864613,9487,4379,1608,2410,931
89.65944577272691,8948,4579,1909,2606,833
140.56525447612324,9449,4462,1643,2321,1072
93.71338661492764,9062,4308,2133,2651,943
97.94043628013006,9076,4516,1902,2570,886
156.1719039277028,9573,4487,1633,2413,1027
89.43414270307673,8727,4677,2041,2703,814
129.97055417572398,9545,4343,1635,2341,1041
98.3492204618735,9241,4325,1947,2543,822
124.91343053331607,9469,4343,1661,2402,973
183.54586529586624,9701,4451,1521,2102,1193
127.06382151242259,9331,4506,1573,2492,1129
107.89468459278254,8855,4485,1808,2528,974
96.54046150050293,8947,4414,1954,2607,866
112.59318328493542,9355,4315,1748,2515,987
122.40836432001893,9269,4477,1734,2384,921
114.03155521859149,9303,4368,1789,2464,1002
103.33682050421613,8814,4560,2093,2635,857
118.79978093756534,9185,4475,1652,2359,1003
144.16300151164103,9534,4258,1624,2444,1096
102.89798095593711,9061,4615,2038,2475,965
106.14319412572817,8871,4398,1843,2476,891
126.85832214517148,9173,4416,1864,2551,1132
83.54531738285174,8620,4564,2226,2800,794
118.57311683222841,9296,4459,1883,2400,1008
102.97418199107645,9104,4350,1765,2509,940
106.38993109224721,9177,4497,1797,2395,994
98.57558038002327,9077,4438,1830,2413,811
116.92160379326332,9193,4448,1700,2543,952
129.766762813309,9463,4326,1740,2437,1098
127.40596099751119,9397,4498,1582,2324,993
100.47031292605598,8613,4577,2101,2575,904
123.47464718120133,9068,4553,1647,2409,976
107.6099451801566,9228,4369,1752,2485,975
129.9710247976972,9101,4659,1633,2298,1019
94.3380795764002,8791,4596,2108,2705,828
108.37033944291838,9114,4527,1806,2533,913
219.2085298191046,9484,4708,1613,2147,947
101.70724424591502,8981,4538,1965,2528,806
101.24783526347298,8958,4496,1776,2415,951
129.82989982610798,9574,4282,1591,2313,1103
111.10267304476825,8817,4422,1848,2625,917
124.85810365455484,9160,4441,1810,2439,980
99.81499650441842,8864,4545,1947,2511,969
320.97083400409633,9502,4894,1258,1895,942
116.75313388920387,9494,4292,1527,2326,990
122.7659847647357,9335,4401,1557,2447,988
133.1329337100035,9435,4394,1625,2261,1085
128.2714799222906,9409,4431,1860,2494,915
134.3356662864598,9405,4421,1633,2360,1047
160.2891170329406,9377,4645,1745,2303,1006
104.88034018666458,8708,4697,1904,2579,822
100.00167562467526,9097,4396,2066,2514,847
107.34654424484874,9158,4416,1620,2405,934
122.21699210384546,8736,4630,1873,2479,947
102.64544713894965,8516,4654,2192,2683,869
114.65299760923443,9514,4411,1709,2378,962
142.25021630082847,9394,4404,1555,2293,995
113.43078871419695,9110,4497,1739,2503,912
104.01285588565345,9348,4423,1592,2560,895
111.3106107669698,9092,4479,1842,2467,911
114.62814470484818,9421,4371,1584,2399,1013
191.1988229534473,9802,4492,1402,2126,1041
98.41859602440621,9068,4459,1745,2519,874
136.08796635825672,9040,4669,1684,2389,979
90.54561223461164,8756,4505,1976,2633,807
99.3313410628428,9053,4448,1851,2560,903
93.38800978530683,9093,4526,1962,2559,843
104.31842798458992,9122,4498,1891,2540,902
90.48740217421026,8942,4402,1946,2572,827
108.9464039577591,9278,4474,1735,2420,932
103.94912363480978,8807,4568,2124,2582,830
119.66095825649951,9392,4213,1698,2481,1022
129.7043658974392,9643,4215,1640,2448,1109
