cycle_time,spt_policy,fifo_policy,hrrn_policy,longest_queue_policy,shortest_queue_policy,least_flexible_resource_policy,most_flexible_resource_policy,least_flexible_activity_policy,most_flexible_activity_policy
188.36903767686744,0,0,0,0,0,0,0,0,0
185.41005394893884,0,0,0,0,0,0,0,0,0
245.87179842654504,0,0,0,0,0,0,0,0,0
339.42275574594413,0,0,0,0,0,0,0,0,0
224.70039382099267,0,0,0,0,0,0,0,0,0
337.11566279167556,0,0,0,0,0,0,0,0,0
156.7087524265521,0,0,0,0,0,0,0,0,0
140.22863556488522,0,0,0,0,0,0,0,0,0
474.69027901385056,0,0,0,0,0,0,0,0,0
132.2639895736593,0,0,0,0,0,0,0,0,0
456.97120665539353,0,0,0,0,0,0,0,0,0
325.85826537738217,0,0,0,0,0,0,0,0,0
536.6879709242035,0,0,0,0,0,0,0,0,0
638.1231345827599,0,0,0,0,0,0,0,0,0
241.99244541549203,0,0,0,0,0,0,0,0,0
274.85677515976016,0,0,0,0,0,0,0,0,0
220.33548326663785,0,0,0,0,0,0,0,0,0
259.32785732053,0,0,0,0,0,0,0,0,0
169.82345087620823,0,0,0,0,0,0,0,0,0
217.79345314683331,0,0,0,0,0,0,0,0,0
188.086603250357,0,0,0,0,0,0,0,0,0
299.1579497609694,0,0,0,0,0,0,0,0,0
188.56877580072072,0,0,0,0,0,0,0,0,0
211.87494518614272,0,0,0,0,0,0,0,0,0
443.0235179473365,0,0,0,0,0,0,0,0,0
468.5515119297371,0,0,0,0,0,0,0,0,0
418.10039778408566,0,0,0,0,0,0,0,0,0
184.49038874689884,0,0,0,0,0,0,0,0,0
231.88533650597208,0,0,0,0,0,0,0,0,0
297.7933098594089,0,0,0,0,0,0,0,0,0
512.8440468387616,0,0,0,0,0,0,0,0,0
250.32108813915858,0,0,0,0,0,0,0,0,0
396.6682412614412,0,0,0,0,0,0,0,0,0
312.0860980627621,0,0,0,0,0,0,0,0,0
472.6103240615075,0,0,0,0,0,0,0,0,0
250.68689141348634,0,0,0,0,0,0,0,0,0
141.71194013313067,0,0,0,0,0,0,0,0,0
283.595383188088,0,0,0,0,0,0,0,0,0
126.88405977575648,0,0,0,0,0,0,0,0,0
175.59484879811407,0,0,0,0,0,0,0,0,0
410.6793720804921,0,0,0,0,0,0,0,0,0
190.65730903986565,0,0,0,0,0,0,0,0,0
195.85380267161847,0,0,0,0,0,0,0,0,0
217.83256776005925,0,0,0,0,0,0,0,0,0
187.151187620247,0,0,0,0,0,0,0,0,0
227.2558378779819,0,0,0,0,0,0,0,0,0
359.58368869284243,0,0,0,0,0,0,0,0,0
194.30615873478314,0,0,0,0,0,0,0,0,0
164.29770525794422,0,0,0,0,0,0,0,0,0
233.50858347438103,0,0,0,0,0,0,0,0,0
205.5109938604023,0,0,0,0,0,0,0,0,0
233.6778729890985,0,0,0,0,0,0,0,0,0
576.616181576366,0,0,0,0,0,0,0,0,0
261.7347627173754,0,0,0,0,0,0,0,0,0
272.6342686978134,0,0,0,0,0,0,0,0,0
198.74287871549686,0,0,0,0,0,0,0,0,0
142.8353234613388,0,0,0,0,0,0,0,0,0
309.55082686386044,0,0,0,0,0,0,0,0,0
345.84832200785934,0,0,0,0,0,0,0,0,0
206.53648588156435,0,0,0,0,0,0,0,0,0
178.44442869978513,0,0,0,0,0,0,0,0,0
287.2121513550156,0,0,0,0,0,0,0,0,0
255.72711945364796,0,0,0,0,0,0,0,0,0
168.70974570691737,0,0,0,0,0,0,0,0,0
179.16118101661658,0,0,0,0,0,0,0,0,0
614.5948396707616,0,0,0,0,0,0,0,0,0
195.52032739661763,0,0,0,0,0,0,0,0,0
148.99578783553025,0,0,0,0,0,0,0,0,0
218.70934277747008,0,0,0,0,0,0,0,0,0
207.171194937026,0,0,0,0,0,0,0,0,0
313.81500764571905,0,0,0,0,0,0,0,0,0
182.76926160827045,0,0,0,0,0,0,0,0,0
187.08941879543556,0,0,0,0,0,0,0,0,0
314.13216353940584,0,0,0,0,0,0,0,0,0
206.50243351432957,0,0,0,0,0,0,0,0,0
133.94751853167386,0,0,0,0,0,0,0,0,0
171.0694711188692,0,0,0,0,0,0,0,0,0
330.94895892889934,0,0,0,0,0,0,0,0,0
173.2489043810993,0,0,0,0,0,0,0,0,0
533.7477229362314,0,0,0,0,0,0,0,0,0
291.0137102273599,0,0,0,0,0,0,0,0,0
158.53572682974934,0,0,0,0,0,0,0,0,0
179.86997467582222,0,0,0,0,0,0,0,0,0
454.5435373532375,0,0,0,0,0,0,0,0,0
138.1553453675164,0,0,0,0,0,0,0,0,0
421.16071829894054,0,0,0,0,0,0,0,0,0
153.04317957982016,0,0,0,0,0,0,0,0,0
129.9265112721069,0,0,0,0,0,0,0,0,0
354.0619951040196,0,0,0,0,0,0,0,0,0
195.23361868954558,0,0,0,0,0,0,0,0,0
178.47231444756903,0,0,0,0,0,0,0,0,0
520.5581829549631,0,0,0,0,0,0,0,0,0
174.3816910392442,0,0,0,0,0,0,0,0,0
160.855892708367,0,0,0,0,0,0,0,0,0
211.0422507194939,0,0,0,0,0,0,0,0,0
167.66534389949135,0,0,0,0,0,0,0,0,0
250.9278950850688,0,0,0,0,0,0,0,0,0
154.30037327133206,0,0,0,0,0,0,0,0,0
267.29356856467814,0,0,0,0,0,0,0,0,0
230.29859833972426,0,0,0,0,0,0,0,0,0
206.99873482142593,0,0,0,0,0,0,0,0,0
362.33781886066913,0,0,0,0,0,0,0,0,0
209.96486919055212,0,0,0,0,0,0,0,0,0
310.80321265087065,0,0,0,0,0,0,0,0,0
175.63821865985096,0,0,0,0,0,0,0,0,0
356.5035983023033,0,0,0,0,0,0,0,0,0
158.11098070990732,0,0,0,0,0,0,0,0,0
297.8376502116821,0,0,0,0,0,0,0,0,0
456.16121469914697,0,0,0,0,0,0,0,0,0
483.40417097451075,0,0,0,0,0,0,0,0,0
559.0816902987286,0,0,0,0,0,0,0,0,0
313.1049014082364,0,0,0,0,0,0,0,0,0
206.41957249491068,0,0,0,0,0,0,0,0,0
220.6410124108112,0,0,0,0,0,0,0,0,0
472.74106506986635,0,0,0,0,0,0,0,0,0
195.6842323591939,0,0,0,0,0,0,0,0,0
445.54147654788636,0,0,0,0,0,0,0,0,0
150.3120123787757,0,0,0,0,0,0,0,0,0
320.49440201666005,0,0,0,0,0,0,0,0,0
205.3125889299701,0,0,0,0,0,0,0,0,0
606.413735656197,0,0,0,0,0,0,0,0,0
238.15963791246367,0,0,0,0,0,0,0,0,0
368.9091170026371,0,0,0,0,0,0,0,0,0
322.0835092948332,0,0,0,0,0,0,0,0,0
499.2491121450006,0,0,0,0,0,0,0,0,0
281.7872031038286,0,0,0,0,0,0,0,0,0
165.65892331050077,0,0,0,0,0,0,0,0,0
250.32696905845273,0,0,0,0,0,0,0,0,0
211.0422480670321,0,0,0,0,0,0,0,0,0
260.9854475364978,0,0,0,0,0,0,0,0,0
514.9249298138761,0,0,0,0,0,0,0,0,0
230.97194255834032,0,0,0,0,0,0,0,0,0
148.18184593152637,0,0,0,0,0,0,0,0,0
376.9798916785992,0,0,0,0,0,0,0,0,0
387.41920850761954,0,0,0,0,0,0,0,0,0
407.56492519415247,0,0,0,0,0,0,0,0,0
288.95630918108486,0,0,0,0,0,0,0,0,0
362.61589936707094,0,0,0,0,0,0,0,0,0
321.40927446687425,0,0,0,0,0,0,0,0,0
324.5324093647311,0,0,0,0,0,0,0,0,0
395.3387804321761,0,0,0,0,0,0,0,0,0
430.38186750648737,0,0,0,0,0,0,0,0,0
195.71021741420248,0,0,0,0,0,0,0,0,0
237.200898367336,0,0,0,0,0,0,0,0,0
118.71167341519403,0,0,0,0,0,0,0,0,0
396.4446986253136,0,0,0,0,0,0,0,0,0
206.47959086284447,0,0,0,0,0,0,0,0,0
231.81073607061543,0,0,0,0,0,0,0,0,0
220.34393129424313,0,0,0,0,0,0,0,0,0
146.40818158697977,0,0,0,0,0,0,0,0,0
277.2322025037492,0,0,0,0,0,0,0,0,0
296.62598512311047,0,0,0,0,0,0,0,0,0
661.8836670570658,0,0,0,0,0,0,0,0,0
273.77248009817816,0,0,0,0,0,0,0,0,0
584.6513647628518,0,0,0,0,0,0,0,0,0
174.67070984101105,0,0,0,0,0,0,0,0,0
166.666960456161,0,0,0,0,0,0,0,0,0
283.6976478341454,0,0,0,0,0,0,0,0,0
196.95326582015286,0,0,0,0,0,0,0,0,0
229.04659741001987,0,0,0,0,0,0,0,0,0
258.52202397899697,0,0,0,0,0,0,0,0,0
291.1742045457105,0,0,0,0,0,0,0,0,0
145.11651007858868,0,0,0,0,0,0,0,0,0
192.6264048093957,0,0,0,0,0,0,0,0,0
205.41114856614203,0,0,0,0,0,0,0,0,0
359.9056355381671,0,0,0,0,0,0,0,0,0
342.6675321833318,0,0,0,0,0,0,0,0,0
346.75779912115485,0,0,0,0,0,0,0,0,0
479.79089861109014,0,0,0,0,0,0,0,0,0
166.38290889396063,0,0,0,0,0,0,0,0,0
162.25365428325458,0,0,0,0,0,0,0,0,0
164.42599329213388,0,0,0,0,0,0,0,0,0
273.2817828527284,0,0,0,0,0,0,0,0,0
249.80589531694935,0,0,0,0,0,0,0,0,0
354.8595897087422,0,0,0,0,0,0,0,0,0
241.97691368451876,0,0,0,0,0,0,0,0,0
169.18234273792106,0,0,0,0,0,0,0,0,0
399.39069773185577,0,0,0,0,0,0,0,0,0
566.0830276575441,0,0,0,0,0,0,0,0,0
368.69269838193617,0,0,0,0,0,0,0,0,0
397.6783317536969,0,0,0,0,0,0,0,0,0
217.77790023111558,0,0,0,0,0,0,0,0,0
245.20127067044442,0,0,0,0,0,0,0,0,0
166.77235069299726,0,0,0,0,0,0,0,0,0
152.26550064404577,0,0,0,0,0,0,0,0,0
138.03636234803082,0,0,0,0,0,0,0,0,0
347.04790093515913,0,0,0,0,0,0,0,0,0
193.44181257309464,0,0,0,0,0,0,0,0,0
401.21691831409504,0,0,0,0,0,0,0,0,0
459.1394116654591,0,0,0,0,0,0,0,0,0
208.01812756102174,0,0,0,0,0,0,0,0,0
345.51699813926194,0,0,0,0,0,0,0,0,0
666.4867919385923,0,0,0,0,0,0,0,0,0
226.8464906772203,0,0,0,0,0,0,0,0,0
200.86483474508145,0,0,0,0,0,0,0,0,0
368.33901299132316,0,0,0,0,0,0,0,0,0
166.00429469927158,0,0,0,0,0,0,0,0,0
261.5019091003614,0,0,0,0,0,0,0,0,0
135.85448473841137,0,0,0,0,0,0,0,0,0
379.4878280327547,0,0,0,0,0,0,0,0,0
503.27599580577805,0,0,0,0,0,0,0,0,0
532.4174971084594,0,0,0,0,0,0,0,0,0
191.50198423363378,0,0,0,0,0,0,0,0,0
168.82338319361963,0,0,0,0,0,0,0,0,0
640.6985521581728,0,0,0,0,0,0,0,0,0
325.88463571396085,0,0,0,0,0,0,0,0,0
255.84157979188262,0,0,0,0,0,0,0,0,0
129.0407515453581,0,0,0,0,0,0,0,0,0
258.7990152581054,0,0,0,0,0,0,0,0,0
222.0848907225307,0,0,0,0,0,0,0,0,0
394.8232722947749,0,0,0,0,0,0,0,0,0
372.44472803977305,0,0,0,0,0,0,0,0,0
291.25063802172696,0,0,0,0,0,0,0,0,0
201.5929267096531,0,0,0,0,0,0,0,0,0
256.43466912604026,0,0,0,0,0,0,0,0,0
412.84660203052135,0,0,0,0,0,0,0,0,0
644.8571294354306,0,0,0,0,0,0,0,0,0
248.36961433263738,0,0,0,0,0,0,0,0,0
267.6238645869909,0,0,0,0,0,0,0,0,0
316.48319302922454,0,0,0,0,0,0,0,0,0
407.7367450096132,0,0,0,0,0,0,0,0,0
201.49975643375038,0,0,0,0,0,0,0,0,0
250.6254175346904,0,0,0,0,0,0,0,0,0
221.3217342461775,0,0,0,0,0,0,0,0,0
220.0276819453712,0,0,0,0,0,0,0,0,0
126.85465666003802,0,0,0,0,0,0,0,0,0
140.9771754858189,0,0,0,0,0,0,0,0,0
189.0593475800668,0,0,0,0,0,0,0,0,0
379.2901823167349,0,0,0,0,0,0,0,0,0
307.05063986400944,0,0,0,0,0,0,0,0,0
145.30776535893904,0,0,0,0,0,0,0,0,0
204.6481254079987,0,0,0,0,0,0,0,0,0
248.48155765384166,0,0,0,0,0,0,0,0,0
156.35200817594998,0,0,0,0,0,0,0,0,0
394.9138844500532,0,0,0,0,0,0,0,0,0
330.81012092008604,0,0,0,0,0,0,0,0,0
237.38648681922797,0,0,0,0,0,0,0,0,0
247.4165152495616,0,0,0,0,0,0,0,0,0
148.0251615589579,0,0,0,0,0,0,0,0,0
462.46817316699384,0,0,0,0,0,0,0,0,0
254.60718596590183,0,0,0,0,0,0,0,0,0
263.3542723842828,0,0,0,0,0,0,0,0,0
399.2173387193415,0,0,0,0,0,0,0,0,0
419.72351754121985,0,0,0,0,0,0,0,0,0
391.7840137658891,0,0,0,0,0,0,0,0,0
204.85342047073192,0,0,0,0,0,0,0,0,0
141.50054755356723,0,0,0,0,0,0,0,0,0
167.03067206557637,0,0,0,0,0,0,0,0,0
322.78058696311444,0,0,0,0,0,0,0,0,0
202.37685309960418,0,0,0,0,0,0,0,0,0
170.34298670658697,0,0,0,0,0,0,0,0,0
408.6750189692885,0,0,0,0,0,0,0,0,0
109.74454882514155,0,0,0,0,0,0,0,0,0
306.05327567435603,0,0,0,0,0,0,0,0,0
197.2434548569578,0,0,0,0,0,0,0,0,0
701.2016604085126,0,0,0,0,0,0,0,0,0
186.41023909932196,0,0,0,0,0,0,0,0,0
259.6802551603732,0,0,0,0,0,0,0,0,0
128.58395106724922,0,0,0,0,0,0,0,0,0
324.6182503770769,0,0,0,0,0,0,0,0,0
389.2233019006761,0,0,0,0,0,0,0,0,0
594.9819852748093,0,0,0,0,0,0,0,0,0
271.5441562569767,0,0,0,0,0,0,0,0,0
255.6732389873422,0,0,0,0,0,0,0,0,0
222.48078093719053,0,0,0,0,0,0,0,0,0
265.6352619856362,0,0,0,0,0,0,0,0,0
430.8246994738737,0,0,0,0,0,0,0,0,0
204.76530196700458,0,0,0,0,0,0,0,0,0
516.7703966014848,0,0,0,0,0,0,0,0,0
223.7267416421571,0,0,0,0,0,0,0,0,0
140.7265618110683,0,0,0,0,0,0,0,0,0
215.6024255806103,0,0,0,0,0,0,0,0,0
398.09661300704647,0,0,0,0,0,0,0,0,0
225.1771463308988,0,0,0,0,0,0,0,0,0
193.51184837954705,0,0,0,0,0,0,0,0,0
306.66865008562417,0,0,0,0,0,0,0,0,0
108.76117150870962,0,0,0,0,0,0,0,0,0
325.00727607772905,0,0,0,0,0,0,0,0,0
304.51638111320506,0,0,0,0,0,0,0,0,0
471.32961000463513,0,0,0,0,0,0,0,0,0
240.728020879396,0,0,0,0,0,0,0,0,0
179.03292438034035,0,0,0,0,0,0,0,0,0
262.6747044652319,0,0,0,0,0,0,0,0,0
301.1631076766186,0,0,0,0,0,0,0,0,0
270.15736784591144,0,0,0,0,0,0,0,0,0
453.0890869821459,0,0,0,0,0,0,0,0,0
219.33832733497889,0,0,0,0,0,0,0,0,0
163.06110764331552,0,0,0,0,0,0,0,0,0
685.7769283859833,0,0,0,0,0,0,0,0,0
371.11137065650604,0,0,0,0,0,0,0,0,0
231.52289012773073,0,0,0,0,0,0,0,0,0
305.9128934674632,0,0,0,0,0,0,0,0,0
419.0595013924467,0,0,0,0,0,0,0,0,0
299.8534090933217,0,0,0,0,0,0,0,0,0
175.963203841185,0,0,0,0,0,0,0,0,0
202.62270443382792,0,0,0,0,0,0,0,0,0
282.1937246517554,0,0,0,0,0,0,0,0,0
204.93713545642777,0,0,0,0,0,0,0,0,0
134.56281431418262,0,0,0,0,0,0,0,0,0
231.3922186086174,0,0,0,0,0,0,0,0,0
