cycle_time,spt_policy,fifo_policy,hrrn_policy,longest_queue_policy,shortest_queue_policy,least_flexible_resource_policy,most_flexible_resource_policy,least_flexible_activity_policy,most_flexible_activity_policy
233.3708118287086,0,0,0,0,0,0,0,0,0
145.4538988256332,0,0,0,0,0,0,0,0,0
181.131376633176,0,0,0,0,0,0,0,0,0
164.3769003428449,0,0,0,0,0,0,0,0,0
260.1023885840148,0,0,0,0,0,0,0,0,0
135.37497082077547,0,0,0,0,0,0,0,0,0
142.37013234046876,0,0,0,0,0,0,0,0,0
285.68417034926665,0,0,0,0,0,0,0,0,0
161.3766716884008,0,0,0,0,0,0,0,0,0
241.3984595970823,0,0,0,0,0,0,0,0,0
198.10531153599757,0,0,0,0,0,0,0,0,0
310.04310126607777,0,0,0,0,0,0,0,0,0
209.6764171369691,0,0,0,0,0,0,0,0,0
103.57239221361955,0,0,0,0,0,0,0,0,0
290.11190392843537,0,0,0,0,0,0,0,0,0
100.30910740073587,0,0,0,0,0,0,0,0,0
228.0345501168307,0,0,0,0,0,0,0,0,0
444.8089593396543,0,0,0,0,0,0,0,0,0
119.34620597665827,0,0,0,0,0,0,0,0,0
163.95192875590482,0,0,0,0,0,0,0,0,0
126.28767247780192,0,0,0,0,0,0,0,0,0
457.0047975017018,0,0,0,0,0,0,0,0,0
202.68489294485641,0,0,0,0,0,0,0,0,0
208.0318541232934,0,0,0,0,0,0,0,0,0
207.21839002680284,0,0,0,0,0,0,0,0,0
148.46470613853094,0,0,0,0,0,0,0,0,0
167.286924791951,0,0,0,0,0,0,0,0,0
182.6533959602064,0,0,0,0,0,0,0,0,0
167.3515190318726,0,0,0,0,0,0,0,0,0
311.13511947663704,0,0,0,0,0,0,0,0,0
207.58285679837542,0,0,0,0,0,0,0,0,0
180.12506362575292,0,0,0,0,0,0,0,0,0
234.5109668073923,0,0,0,0,0,0,0,0,0
268.4870025216914,0,0,0,0,0,0,0,0,0
196.27246637264568,0,0,0,0,0,0,0,0,0
174.08283301790064,0,0,0,0,0,0,0,0,0
643.9701587560508,0,0,0,0,0,0,0,0,0
188.2789659282774,0,0,0,0,0,0,0,0,0
283.50642678658704,0,0,0,0,0,0,0,0,0
96.55469161290993,0,0,0,0,0,0,0,0,0
346.48028847752295,0,0,0,0,0,0,0,0,0
299.682937320112,0,0,0,0,0,0,0,0,0
219.10314903131294,0,0,0,0,0,0,0,0,0
246.7070923532791,0,0,0,0,0,0,0,0,0
210.87308579505878,0,0,0,0,0,0,0,0,0
99.09754875542546,0,0,0,0,0,0,0,0,0
219.56598754900926,0,0,0,0,0,0,0,0,0
124.46198461185708,0,0,0,0,0,0,0,0,0
294.6374065627058,0,0,0,0,0,0,0,0,0
102.26351683537112,0,0,0,0,0,0,0,0,0
113.86119226937438,0,0,0,0,0,0,0,0,0
263.63154471030043,0,0,0,0,0,0,0,0,0
98.73767149445553,0,0,0,0,0,0,0,0,0
205.43827522445676,0,0,0,0,0,0,0,0,0
218.5837803758191,0,0,0,0,0,0,0,0,0
204.0572416123525,0,0,0,0,0,0,0,0,0
112.8162383751946,0,0,0,0,0,0,0,0,0
96.7548094893781,0,0,0,0,0,0,0,0,0
208.01791507415984,0,0,0,0,0,0,0,0,0
105.70956471010678,0,0,0,0,0,0,0,0,0
111.1688550230241,0,0,0,0,0,0,0,0,0
101.18454413904273,0,0,0,0,0,0,0,0,0
257.2980656483386,0,0,0,0,0,0,0,0,0
208.12726432693677,0,0,0,0,0,0,0,0,0
269.8697382070852,0,0,0,0,0,0,0,0,0
133.701661367632,0,0,0,0,0,0,0,0,0
269.6026815885793,0,0,0,0,0,0,0,0,0
335.238430721747,0,0,0,0,0,0,0,0,0
291.9576296632175,0,0,0,0,0,0,0,0,0
244.4872856775437,0,0,0,0,0,0,0,0,0
183.2346456620335,0,0,0,0,0,0,0,0,0
137.95057288679314,0,0,0,0,0,0,0,0,0
125.28631292762198,0,0,0,0,0,0,0,0,0
109.92026204730244,0,0,0,0,0,0,0,0,0
396.4965338382244,0,0,0,0,0,0,0,0,0
148.2628346399997,0,0,0,0,0,0,0,0,0
551.0788026662984,0,0,0,0,0,0,0,0,0
104.6310997723177,0,0,0,0,0,0,0,0,0
123.33876557476064,0,0,0,0,0,0,0,0,0
162.20753567057386,0,0,0,0,0,0,0,0,0
319.4164264293385,0,0,0,0,0,0,0,0,0
191.1985792981243,0,0,0,0,0,0,0,0,0
208.04869884840997,0,0,0,0,0,0,0,0,0
159.7362928406539,0,0,0,0,0,0,0,0,0
319.9378183969106,0,0,0,0,0,0,0,0,0
333.58944962734904,0,0,0,0,0,0,0,0,0
317.3916956099928,0,0,0,0,0,0,0,0,0
176.40255317030784,0,0,0,0,0,0,0,0,0
174.30978606164894,0,0,0,0,0,0,0,0,0
161.5266986556058,0,0,0,0,0,0,0,0,0
126.75487770767657,0,0,0,0,0,0,0,0,0
213.09590254453974,0,0,0,0,0,0,0,0,0
225.80966990518007,0,0,0,0,0,0,0,0,0
140.1701544435037,0,0,0,0,0,0,0,0,0
165.6841401073321,0,0,0,0,0,0,0,0,0
120.91431912186619,0,0,0,0,0,0,0,0,0
163.69278491481103,0,0,0,0,0,0,0,0,0
207.27622612715223,0,0,0,0,0,0,0,0,0
163.3206950016938,0,0,0,0,0,0,0,0,0
236.099065491124,0,0,0,0,0,0,0,0,0
139.98691887712283,0,0,0,0,0,0,0,0,0
527.872251124431,0,0,0,0,0,0,0,0,0
456.2564748581211,0,0,0,0,0,0,0,0,0
126.20949168355341,0,0,0,0,0,0,0,0,0
208.24018849253457,0,0,0,0,0,0,0,0,0
161.21682816024958,0,0,0,0,0,0,0,0,0
165.55373616589642,0,0,0,0,0,0,0,0,0
104.90942182197885,0,0,0,0,0,0,0,0,0
247.20379882791144,0,0,0,0,0,0,0,0,0
129.74116398620342,0,0,0,0,0,0,0,0,0
155.16547039420684,0,0,0,0,0,0,0,0,0
178.31243832913879,0,0,0,0,0,0,0,0,0
153.02365519893087,0,0,0,0,0,0,0,0,0
247.00978192015015,0,0,0,0,0,0,0,0,0
600.7887325171793,0,0,0,0,0,0,0,0,0
271.6898609519219,0,0,0,0,0,0,0,0,0
130.34909602102104,0,0,0,0,0,0,0,0,0
118.15284515106599,0,0,0,0,0,0,0,0,0
161.1195648554446,0,0,0,0,0,0,0,0,0
135.71452670291237,0,0,0,0,0,0,0,0,0
113.23931552428343,0,0,0,0,0,0,0,0,0
146.83843249688886,0,0,0,0,0,0,0,0,0
143.75861578617088,0,0,0,0,0,0,0,0,0
188.22286191145398,0,0,0,0,0,0,0,0,0
132.4704154894643,0,0,0,0,0,0,0,0,0
187.47035711382964,0,0,0,0,0,0,0,0,0
148.76749357408238,0,0,0,0,0,0,0,0,0
447.98201966815276,0,0,0,0,0,0,0,0,0
175.7555893600661,0,0,0,0,0,0,0,0,0
211.6523984940166,0,0,0,0,0,0,0,0,0
289.675858972823,0,0,0,0,0,0,0,0,0
110.30541230575153,0,0,0,0,0,0,0,0,0
216.2073440806878,0,0,0,0,0,0,0,0,0
386.78919989518323,0,0,0,0,0,0,0,0,0
151.47817154455325,0,0,0,0,0,0,0,0,0
251.33353021450043,0,0,0,0,0,0,0,0,0
114.77991764325034,0,0,0,0,0,0,0,0,0
253.04833093181588,0,0,0,0,0,0,0,0,0
186.1742427288978,0,0,0,0,0,0,0,0,0
209.39562443980242,0,0,0,0,0,0,0,0,0
182.28968280016733,0,0,0,0,0,0,0,0,0
195.32271892405754,0,0,0,0,0,0,0,0,0
142.69927441974522,0,0,0,0,0,0,0,0,0
133.24536223858883,0,0,0,0,0,0,0,0,0
731.540388662221,0,0,0,0,0,0,0,0,0
156.99754488741922,0,0,0,0,0,0,0,0,0
220.4371958232456,0,0,0,0,0,0,0,0,0
403.80692384867797,0,0,0,0,0,0,0,0,0
258.1153812365037,0,0,0,0,0,0,0,0,0
103.04684643189324,0,0,0,0,0,0,0,0,0
615.2613135405862,0,0,0,0,0,0,0,0,0
314.0117816847304,0,0,0,0,0,0,0,0,0
113.89062981133814,0,0,0,0,0,0,0,0,0
215.0775090491981,0,0,0,0,0,0,0,0,0
150.42657264749477,0,0,0,0,0,0,0,0,0
135.2660920686783,0,0,0,0,0,0,0,0,0
162.27476671999784,0,0,0,0,0,0,0,0,0
303.38138664959246,0,0,0,0,0,0,0,0,0
268.0990095687424,0,0,0,0,0,0,0,0,0
162.96057771208672,0,0,0,0,0,0,0,0,0
283.97953855251905,0,0,0,0,0,0,0,0,0
158.88009732606258,0,0,0,0,0,0,0,0,0
206.17647574407297,0,0,0,0,0,0,0,0,0
296.28518308881195,0,0,0,0,0,0,0,0,0
251.67271646843193,0,0,0,0,0,0,0,0,0
133.78030966026438,0,0,0,0,0,0,0,0,0
411.8092430724881,0,0,0,0,0,0,0,0,0
463.32706681166917,0,0,0,0,0,0,0,0,0
136.3602643891995,0,0,0,0,0,0,0,0,0
308.3002270513264,0,0,0,0,0,0,0,0,0
178.83177041799797,0,0,0,0,0,0,0,0,0
143.7729466579561,0,0,0,0,0,0,0,0,0
231.3741073829324,0,0,0,0,0,0,0,0,0
711.6727468276989,0,0,0,0,0,0,0,0,0
255.9588799292603,0,0,0,0,0,0,0,0,0
268.0532370229557,0,0,0,0,0,0,0,0,0
141.77264918252322,0,0,0,0,0,0,0,0,0
392.5820407600582,0,0,0,0,0,0,0,0,0
231.1666474428237,0,0,0,0,0,0,0,0,0
379.29391102445913,0,0,0,0,0,0,0,0,0
217.1843321723958,0,0,0,0,0,0,0,0,0
110.32676505062476,0,0,0,0,0,0,0,0,0
363.3794943817712,0,0,0,0,0,0,0,0,0
211.40858545474148,0,0,0,0,0,0,0,0,0
141.12330146072685,0,0,0,0,0,0,0,0,0
145.9750111949215,0,0,0,0,0,0,0,0,0
310.09059202449026,0,0,0,0,0,0,0,0,0
158.9648274583915,0,0,0,0,0,0,0,0,0
166.24598888760434,0,0,0,0,0,0,0,0,0
167.63701145659996,0,0,0,0,0,0,0,0,0
304.5373862258691,0,0,0,0,0,0,0,0,0
432.5646490016984,0,0,0,0,0,0,0,0,0
124.2986983395195,0,0,0,0,0,0,0,0,0
188.76952234924747,0,0,0,0,0,0,0,0,0
151.09866794269183,0,0,0,0,0,0,0,0,0
210.57830776064444,0,0,0,0,0,0,0,0,0
165.52632008499344,0,0,0,0,0,0,0,0,0
220.46280101808412,0,0,0,0,0,0,0,0,0
163.92723682454167,0,0,0,0,0,0,0,0,0
634.1277401549472,0,0,0,0,0,0,0,0,0
104.67231062946239,0,0,0,0,0,0,0,0,0
221.5218839149573,0,0,0,0,0,0,0,0,0
236.45569134361105,0,0,0,0,0,0,0,0,0
344.33790913009585,0,0,0,0,0,0,0,0,0
113.22036722307685,0,0,0,0,0,0,0,0,0
158.31182109464532,0,0,0,0,0,0,0,0,0
219.30090363292638,0,0,0,0,0,0,0,0,0
335.1788662835054,0,0,0,0,0,0,0,0,0
313.5091289488352,0,0,0,0,0,0,0,0,0
181.575948731125,0,0,0,0,0,0,0,0,0
275.6521981055542,0,0,0,0,0,0,0,0,0
423.15163849377035,0,0,0,0,0,0,0,0,0
164.52079054983523,0,0,0,0,0,0,0,0,0
149.60370322853714,0,0,0,0,0,0,0,0,0
321.25468128618144,0,0,0,0,0,0,0,0,0
94.50835883773283,0,0,0,0,0,0,0,0,0
159.00873658711157,0,0,0,0,0,0,0,0,0
411.81154980595164,0,0,0,0,0,0,0,0,0
193.81191578867978,0,0,0,0,0,0,0,0,0
181.72359769859534,0,0,0,0,0,0,0,0,0
520.9340183531262,0,0,0,0,0,0,0,0,0
365.74472112712266,0,0,0,0,0,0,0,0,0
139.7488098107559,0,0,0,0,0,0,0,0,0
210.76169297682702,0,0,0,0,0,0,0,0,0
217.9303220132386,0,0,0,0,0,0,0,0,0
168.91454743333074,0,0,0,0,0,0,0,0,0
175.0519853819029,0,0,0,0,0,0,0,0,0
170.8264028734793,0,0,0,0,0,0,0,0,0
268.04679614658613,0,0,0,0,0,0,0,0,0
286.47624499067894,0,0,0,0,0,0,0,0,0
340.7630845163451,0,0,0,0,0,0,0,0,0
159.23687242805826,0,0,0,0,0,0,0,0,0
316.6012084858261,0,0,0,0,0,0,0,0,0
230.234685902419,0,0,0,0,0,0,0,0,0
240.99864490562297,0,0,0,0,0,0,0,0,0
108.3113320135858,0,0,0,0,0,0,0,0,0
226.92789165266478,0,0,0,0,0,0,0,0,0
112.50238352705881,0,0,0,0,0,0,0,0,0
488.8166476742465,0,0,0,0,0,0,0,0,0
208.94105158289102,0,0,0,0,0,0,0,0,0
230.99882142146836,0,0,0,0,0,0,0,0,0
183.14584695300812,0,0,0,0,0,0,0,0,0
141.33140203848063,0,0,0,0,0,0,0,0,0
478.2268160340613,0,0,0,0,0,0,0,0,0
210.83412057170273,0,0,0,0,0,0,0,0,0
106.47662298859407,0,0,0,0,0,0,0,0,0
93.72523836392055,0,0,0,0,0,0,0,0,0
384.1919066165797,0,0,0,0,0,0,0,0,0
139.61774119100528,0,0,0,0,0,0,0,0,0
129.53253303276432,0,0,0,0,0,0,0,0,0
156.08898752744236,0,0,0,0,0,0,0,0,0
140.45323247486664,0,0,0,0,0,0,0,0,0
117.70593179724146,0,0,0,0,0,0,0,0,0
100.18883582627863,0,0,0,0,0,0,0,0,0
421.8396372126204,0,0,0,0,0,0,0,0,0
311.09509416324806,0,0,0,0,0,0,0,0,0
169.38707224313387,0,0,0,0,0,0,0,0,0
328.64435516241656,0,0,0,0,0,0,0,0,0
220.3243132605272,0,0,0,0,0,0,0,0,0
235.880223201029,0,0,0,0,0,0,0,0,0
173.06983557453907,0,0,0,0,0,0,0,0,0
218.41989794194023,0,0,0,0,0,0,0,0,0
344.49880415654525,0,0,0,0,0,0,0,0,0
212.43741227624156,0,0,0,0,0,0,0,0,0
238.20259151575556,0,0,0,0,0,0,0,0,0
149.8457616495536,0,0,0,0,0,0,0,0,0
164.0573641418241,0,0,0,0,0,0,0,0,0
161.74839683080114,0,0,0,0,0,0,0,0,0
169.17138157344704,0,0,0,0,0,0,0,0,0
133.21466302726998,0,0,0,0,0,0,0,0,0
323.88242671437024,0,0,0,0,0,0,0,0,0
192.41026659383968,0,0,0,0,0,0,0,0,0
417.1287608034316,0,0,0,0,0,0,0,0,0
181.7242259828357,0,0,0,0,0,0,0,0,0
129.37244533565735,0,0,0,0,0,0,0,0,0
206.09775689378554,0,0,0,0,0,0,0,0,0
194.5191816584889,0,0,0,0,0,0,0,0,0
116.36597945330261,0,0,0,0,0,0,0,0,0
120.73123790777449,0,0,0,0,0,0,0,0,0
757.398338047658,0,0,0,0,0,0,0,0,0
364.08395305802975,0,0,0,0,0,0,0,0,0
349.7326000515057,0,0,0,0,0,0,0,0,0
160.51316705477262,0,0,0,0,0,0,0,0,0
119.23035776113011,0,0,0,0,0,0,0,0,0
203.43864457137724,0,0,0,0,0,0,0,0,0
137.9037261045657,0,0,0,0,0,0,0,0,0
244.74934793879143,0,0,0,0,0,0,0,0,0
142.69767855881364,0,0,0,0,0,0,0,0,0
133.46454508191115,0,0,0,0,0,0,0,0,0
121.38799064409372,0,0,0,0,0,0,0,0,0
249.9365804021759,0,0,0,0,0,0,0,0,0
134.83802923691212,0,0,0,0,0,0,0,0,0
183.44531582949799,0,0,0,0,0,0,0,0,0
395.5671074391312,0,0,0,0,0,0,0,0,0
160.25009342319558,0,0,0,0,0,0,0,0,0
152.43651774796558,0,0,0,0,0,0,0,0,0
161.5391260838578,0,0,0,0,0,0,0,0,0
245.02473294416703,0,0,0,0,0,0,0,0,0
131.0478773051814,0,0,0,0,0,0,0,0,0
308.5139830990943,0,0,0,0,0,0,0,0,0
