cycle_time,spt_policy,fifo_policy,hrrn_policy,longest_queue_policy,shortest_queue_policy,least_flexible_resource_policy,most_flexible_resource_policy,least_flexible_activity_policy,most_flexible_activity_policy
254.4353959944863,0,0,0,0,0,0,0,0,0
160.6857841530059,0,0,0,0,0,0,0,0,0
210.90626047725002,0,0,0,0,0,0,0,0,0
218.93321751197823,0,0,0,0,0,0,0,0,0
129.21227051248334,0,0,0,0,0,0,0,0,0
146.1679908844971,0,0,0,0,0,0,0,0,0
182.82540533987395,0,0,0,0,0,0,0,0,0
209.32143271041252,0,0,0,0,0,0,0,0,0
163.11453052471887,0,0,0,0,0,0,0,0,0
427.87753992389946,0,0,0,0,0,0,0,0,0
186.01088011924915,0,0,0,0,0,0,0,0,0
219.98171838507537,0,0,0,0,0,0,0,0,0
115.89881669036463,0,0,0,0,0,0,0,0,0
251.71989301792564,0,0,0,0,0,0,0,0,0
162.31933929670708,0,0,0,0,0,0,0,0,0
188.09854871749846,0,0,0,0,0,0,0,0,0
282.0924318325187,0,0,0,0,0,0,0,0,0
149.48281227016662,0,0,0,0,0,0,0,0,0
165.5901801970793,0,0,0,0,0,0,0,0,0
217.58078293180895,0,0,0,0,0,0,0,0,0
214.5543945424226,0,0,0,0,0,0,0,0,0
333.7813758499135,0,0,0,0,0,0,0,0,0
137.52462779248714,0,0,0,0,0,0,0,0,0
180.22550660105568,0,0,0,0,0,0,0,0,0
254.03161329343968,0,0,0,0,0,0,0,0,0
252.62998997252095,0,0,0,0,0,0,0,0,0
243.1887717467608,0,0,0,0,0,0,0,0,0
294.1639131513413,0,0,0,0,0,0,0,0,0
473.12730243557235,0,0,0,0,0,0,0,0,0
255.47470557628301,0,0,0,0,0,0,0,0,0
284.07724813105744,0,0,0,0,0,0,0,0,0
129.12047687768808,0,0,0,0,0,0,0,0,0
716.3844661470009,0,0,0,0,0,0,0,0,0
209.25840019210108,0,0,0,0,0,0,0,0,0
127.85918656673347,0,0,0,0,0,0,0,0,0
163.0667406888429,0,0,0,0,0,0,0,0,0
186.68062456855282,0,0,0,0,0,0,0,0,0
268.0611696772225,0,0,0,0,0,0,0,0,0
117.9366402933396,0,0,0,0,0,0,0,0,0
180.66614934903578,0,0,0,0,0,0,0,0,0
115.31809872268678,0,0,0,0,0,0,0,0,0
243.45142886569425,0,0,0,0,0,0,0,0,0
487.9247484997239,0,0,0,0,0,0,0,0,0
178.82413184593386,0,0,0,0,0,0,0,0,0
290.1620481714671,0,0,0,0,0,0,0,0,0
143.46675533018475,0,0,0,0,0,0,0,0,0
155.37899813612975,0,0,0,0,0,0,0,0,0
278.6924938426477,0,0,0,0,0,0,0,0,0
324.5749867213259,0,0,0,0,0,0,0,0,0
252.52856239359346,0,0,0,0,0,0,0,0,0
236.06641912626,0,0,0,0,0,0,0,0,0
129.93337093017237,0,0,0,0,0,0,0,0,0
191.10636143171746,0,0,0,0,0,0,0,0,0
380.2822163626495,0,0,0,0,0,0,0,0,0
384.8384336492936,0,0,0,0,0,0,0,0,0
174.79321389761878,0,0,0,0,0,0,0,0,0
154.01965287089268,0,0,0,0,0,0,0,0,0
443.61200781024127,0,0,0,0,0,0,0,0,0
154.94195252238893,0,0,0,0,0,0,0,0,0
267.30061674210845,0,0,0,0,0,0,0,0,0
330.55229573382974,0,0,0,0,0,0,0,0,0
211.36689370510993,0,0,0,0,0,0,0,0,0
279.15698234971467,0,0,0,0,0,0,0,0,0
188.7319114491653,0,0,0,0,0,0,0,0,0
662.894788013057,0,0,0,0,0,0,0,0,0
372.862624720623,0,0,0,0,0,0,0,0,0
243.11402647197252,0,0,0,0,0,0,0,0,0
149.06359589218076,0,0,0,0,0,0,0,0,0
523.7528360089196,0,0,0,0,0,0,0,0,0
138.48820734366728,0,0,0,0,0,0,0,0,0
573.804351278244,0,0,0,0,0,0,0,0,0
355.3192529206127,0,0,0,0,0,0,0,0,0
359.6344426677103,0,0,0,0,0,0,0,0,0
297.5255257632895,0,0,0,0,0,0,0,0,0
207.43398007564025,0,0,0,0,0,0,0,0,0
173.50127603120637,0,0,0,0,0,0,0,0,0
446.83455253348507,0,0,0,0,0,0,0,0,0
290.64737413492503,0,0,0,0,0,0,0,0,0
179.1848411553064,0,0,0,0,0,0,0,0,0
170.97339542901972,0,0,0,0,0,0,0,0,0
116.41897931551135,0,0,0,0,0,0,0,0,0
254.53767573825974,0,0,0,0,0,0,0,0,0
171.98904469932998,0,0,0,0,0,0,0,0,0
234.07514610232312,0,0,0,0,0,0,0,0,0
164.74587732375338,0,0,0,0,0,0,0,0,0
172.07872354358395,0,0,0,0,0,0,0,0,0
262.5442895888601,0,0,0,0,0,0,0,0,0
552.2161580311329,0,0,0,0,0,0,0,0,0
165.57993387502933,0,0,0,0,0,0,0,0,0
130.42948361812861,0,0,0,0,0,0,0,0,0
167.97865647088022,0,0,0,0,0,0,0,0,0
213.49132142071528,0,0,0,0,0,0,0,0,0
170.95773489773745,0,0,0,0,0,0,0,0,0
193.33813821656773,0,0,0,0,0,0,0,0,0
490.1819170908479,0,0,0,0,0,0,0,0,0
287.0951566079786,0,0,0,0,0,0,0,0,0
408.9117964432582,0,0,0,0,0,0,0,0,0
213.32360133425212,0,0,0,0,0,0,0,0,0
143.66710543928417,0,0,0,0,0,0,0,0,0
139.21655800965186,0,0,0,0,0,0,0,0,0
322.1631322259541,0,0,0,0,0,0,0,0,0
323.6532251937179,0,0,0,0,0,0,0,0,0
453.72797008274057,0,0,0,0,0,0,0,0,0
264.81057894719515,0,0,0,0,0,0,0,0,0
158.43893007723298,0,0,0,0,0,0,0,0,0
103.80972173547605,0,0,0,0,0,0,0,0,0
146.89791758859383,0,0,0,0,0,0,0,0,0
145.68428826275954,0,0,0,0,0,0,0,0,0
213.98365115457963,0,0,0,0,0,0,0,0,0
151.889623129533,0,0,0,0,0,0,0,0,0
144.16886820453348,0,0,0,0,0,0,0,0,0
165.47208266968872,0,0,0,0,0,0,0,0,0
223.06148140596738,0,0,0,0,0,0,0,0,0
196.41554577366415,0,0,0,0,0,0,0,0,0
231.52673629414318,0,0,0,0,0,0,0,0,0
585.3258921256065,0,0,0,0,0,0,0,0,0
255.92761735124984,0,0,0,0,0,0,0,0,0
137.1782919420625,0,0,0,0,0,0,0,0,0
340.8879894765525,0,0,0,0,0,0,0,0,0
171.92114144821966,0,0,0,0,0,0,0,0,0
325.4701912605376,0,0,0,0,0,0,0,0,0
221.43094169322768,0,0,0,0,0,0,0,0,0
131.5930541866707,0,0,0,0,0,0,0,0,0
232.56657412676114,0,0,0,0,0,0,0,0,0
268.8263453182215,0,0,0,0,0,0,0,0,0
166.19783952074783,0,0,0,0,0,0,0,0,0
458.56489886186466,0,0,0,0,0,0,0,0,0
108.971700542153,0,0,0,0,0,0,0,0,0
500.74299165290967,0,0,0,0,0,0,0,0,0
224.52110176312928,0,0,0,0,0,0,0,0,0
287.5192101590638,0,0,0,0,0,0,0,0,0
213.8660510506013,0,0,0,0,0,0,0,0,0
186.33746222096315,0,0,0,0,0,0,0,0,0
130.0682852114399,0,0,0,0,0,0,0,0,0
162.13502482317432,0,0,0,0,0,0,0,0,0
227.82596726214643,0,0,0,0,0,0,0,0,0
291.4202367365575,0,0,0,0,0,0,0,0,0
477.5287698117424,0,0,0,0,0,0,0,0,0
142.0149446484041,0,0,0,0,0,0,0,0,0
205.60951808111056,0,0,0,0,0,0,0,0,0
217.10385887627226,0,0,0,0,0,0,0,0,0
282.38380062091136,0,0,0,0,0,0,0,0,0
394.1781448228931,0,0,0,0,0,0,0,0,0
255.96602197425426,0,0,0,0,0,0,0,0,0
182.8947452580359,0,0,0,0,0,0,0,0,0
248.29381180812916,0,0,0,0,0,0,0,0,0
306.20575473628867,0,0,0,0,0,0,0,0,0
235.53560011110358,0,0,0,0,0,0,0,0,0
157.79244778284402,0,0,0,0,0,0,0,0,0
249.2864335631622,0,0,0,0,0,0,0,0,0
128.04974056377986,0,0,0,0,0,0,0,0,0
372.70835749215667,0,0,0,0,0,0,0,0,0
260.5776288933491,0,0,0,0,0,0,0,0,0
185.8908735025548,0,0,0,0,0,0,0,0,0
133.47341417280998,0,0,0,0,0,0,0,0,0
291.28969230415754,0,0,0,0,0,0,0,0,0
334.40938434894423,0,0,0,0,0,0,0,0,0
139.63789584850028,0,0,0,0,0,0,0,0,0
106.67383170168432,0,0,0,0,0,0,0,0,0
367.01799248631056,0,0,0,0,0,0,0,0,0
353.66371656924423,0,0,0,0,0,0,0,0,0
312.48890964612417,0,0,0,0,0,0,0,0,0
352.26251862475704,0,0,0,0,0,0,0,0,0
285.65612281746604,0,0,0,0,0,0,0,0,0
167.97371183991723,0,0,0,0,0,0,0,0,0
233.3632998015917,0,0,0,0,0,0,0,0,0
220.5467356659541,0,0,0,0,0,0,0,0,0
321.8721495229634,0,0,0,0,0,0,0,0,0
157.92645832136208,0,0,0,0,0,0,0,0,0
160.40053153646366,0,0,0,0,0,0,0,0,0
245.04915488148947,0,0,0,0,0,0,0,0,0
305.45099719492765,0,0,0,0,0,0,0,0,0
451.91424040593114,0,0,0,0,0,0,0,0,0
357.1948220557875,0,0,0,0,0,0,0,0,0
371.29566683345934,0,0,0,0,0,0,0,0,0
179.33565508081995,0,0,0,0,0,0,0,0,0
346.26286459863957,0,0,0,0,0,0,0,0,0
173.58391881097697,0,0,0,0,0,0,0,0,0
176.64705913563873,0,0,0,0,0,0,0,0,0
399.1224085639981,0,0,0,0,0,0,0,0,0
342.7208860636174,0,0,0,0,0,0,0,0,0
117.60380041485263,0,0,0,0,0,0,0,0,0
227.92108674208066,0,0,0,0,0,0,0,0,0
104.14249611805768,0,0,0,0,0,0,0,0,0
182.6874307701146,0,0,0,0,0,0,0,0,0
181.96890637996253,0,0,0,0,0,0,0,0,0
314.29488151243555,0,0,0,0,0,0,0,0,0
274.2256477936046,0,0,0,0,0,0,0,0,0
451.9216531067814,0,0,0,0,0,0,0,0,0
220.76473467749497,0,0,0,0,0,0,0,0,0
221.98585001026882,0,0,0,0,0,0,0,0,0
165.55144101875666,0,0,0,0,0,0,0,0,0
347.9357139296015,0,0,0,0,0,0,0,0,0
196.24994624455405,0,0,0,0,0,0,0,0,0
165.08169583669692,0,0,0,0,0,0,0,0,0
165.04021240761244,0,0,0,0,0,0,0,0,0
229.618537207692,0,0,0,0,0,0,0,0,0
186.06769317189924,0,0,0,0,0,0,0,0,0
172.76363149211295,0,0,0,0,0,0,0,0,0
295.048216227979,0,0,0,0,0,0,0,0,0
166.75028819903693,0,0,0,0,0,0,0,0,0
201.92293864934192,0,0,0,0,0,0,0,0,0
149.49407060011274,0,0,0,0,0,0,0,0,0
594.9471994933573,0,0,0,0,0,0,0,0,0
340.0939081217653,0,0,0,0,0,0,0,0,0
169.2465444538322,0,0,0,0,0,0,0,0,0
126.38436012600557,0,0,0,0,0,0,0,0,0
126.47256205060938,0,0,0,0,0,0,0,0,0
241.5742666088899,0,0,0,0,0,0,0,0,0
268.83343984610417,0,0,0,0,0,0,0,0,0
186.23091520047842,0,0,0,0,0,0,0,0,0
130.7231310827204,0,0,0,0,0,0,0,0,0
109.19618304292362,0,0,0,0,0,0,0,0,0
152.68402222738442,0,0,0,0,0,0,0,0,0
675.1079428824609,0,0,0,0,0,0,0,0,0
441.86267666716725,0,0,0,0,0,0,0,0,0
145.81096197172613,0,0,0,0,0,0,0,0,0
489.05334860463125,0,0,0,0,0,0,0,0,0
206.48319928978586,0,0,0,0,0,0,0,0,0
358.3020559705353,0,0,0,0,0,0,0,0,0
211.67969694777187,0,0,0,0,0,0,0,0,0
717.706727768904,0,0,0,0,0,0,0,0,0
338.9325106978905,0,0,0,0,0,0,0,0,0
139.89837894557766,0,0,0,0,0,0,0,0,0
155.70753563620565,0,0,0,0,0,0,0,0,0
204.94539281061427,0,0,0,0,0,0,0,0,0
259.0921874173714,0,0,0,0,0,0,0,0,0
337.8499152984211,0,0,0,0,0,0,0,0,0
167.79372240511404,0,0,0,0,0,0,0,0,0
280.46831211550585,0,0,0,0,0,0,0,0,0
184.74984513049972,0,0,0,0,0,0,0,0,0
181.9680135541238,0,0,0,0,0,0,0,0,0
297.3818121978729,0,0,0,0,0,0,0,0,0
279.3043428529574,0,0,0,0,0,0,0,0,0
155.17520719435717,0,0,0,0,0,0,0,0,0
336.2796841641638,0,0,0,0,0,0,0,0,0
355.18141953311516,0,0,0,0,0,0,0,0,0
231.44697089460212,0,0,0,0,0,0,0,0,0
227.67023742434853,0,0,0,0,0,0,0,0,0
116.17856537115017,0,0,0,0,0,0,0,0,0
233.16140464046356,0,0,0,0,0,0,0,0,0
477.0242610391601,0,0,0,0,0,0,0,0,0
247.01795161991586,0,0,0,0,0,0,0,0,0
126.60321988553228,0,0,0,0,0,0,0,0,0
274.5949095200753,0,0,0,0,0,0,0,0,0
472.44843534913826,0,0,0,0,0,0,0,0,0
159.73139356691954,0,0,0,0,0,0,0,0,0
137.09581658792354,0,0,0,0,0,0,0,0,0
137.94671320842843,0,0,0,0,0,0,0,0,0
145.52543828489323,0,0,0,0,0,0,0,0,0
131.57406556675542,0,0,0,0,0,0,0,0,0
240.1975686706529,0,0,0,0,0,0,0,0,0
237.7197370859245,0,0,0,0,0,0,0,0,0
186.84987008930239,0,0,0,0,0,0,0,0,0
354.3581142497818,0,0,0,0,0,0,0,0,0
186.24537421151237,0,0,0,0,0,0,0,0,0
161.13399042046726,0,0,0,0,0,0,0,0,0
286.52891307985396,0,0,0,0,0,0,0,0,0
245.02714127135357,0,0,0,0,0,0,0,0,0
140.44543810383692,0,0,0,0,0,0,0,0,0
125.04172857922923,0,0,0,0,0,0,0,0,0
349.07171082788904,0,0,0,0,0,0,0,0,0
124.99951691575295,0,0,0,0,0,0,0,0,0
118.10338620834465,0,0,0,0,0,0,0,0,0
149.53390501081452,0,0,0,0,0,0,0,0,0
701.5417268236878,0,0,0,0,0,0,0,0,0
459.3095839168812,0,0,0,0,0,0,0,0,0
213.4138377061911,0,0,0,0,0,0,0,0,0
251.86642830878273,0,0,0,0,0,0,0,0,0
190.58793701652345,0,0,0,0,0,0,0,0,0
154.47603022545164,0,0,0,0,0,0,0,0,0
305.6031843058229,0,0,0,0,0,0,0,0,0
269.0694251848176,0,0,0,0,0,0,0,0,0
149.13657449780524,0,0,0,0,0,0,0,0,0
157.31399248113055,0,0,0,0,0,0,0,0,0
221.63152276084912,0,0,0,0,0,0,0,0,0
239.3044014649976,0,0,0,0,0,0,0,0,0
267.3504913242392,0,0,0,0,0,0,0,0,0
166.57851444202453,0,0,0,0,0,0,0,0,0
152.88228311877296,0,0,0,0,0,0,0,0,0
346.82926220985024,0,0,0,0,0,0,0,0,0
251.50240884056478,0,0,0,0,0,0,0,0,0
396.6596352749139,0,0,0,0,0,0,0,0,0
222.08875105546977,0,0,0,0,0,0,0,0,0
833.1877964576425,0,0,0,0,0,0,0,0,0
527.5722832659299,0,0,0,0,0,0,0,0,0
206.4199223175876,0,0,0,0,0,0,0,0,0
250.2055905196559,0,0,0,0,0,0,0,0,0
423.379393000363,0,0,0,0,0,0,0,0,0
210.71891714679506,0,0,0,0,0,0,0,0,0
211.59993748040117,0,0,0,0,0,0,0,0,0
434.8387268370878,0,0,0,0,0,0,0,0,0
364.0238997605885,0,0,0,0,0,0,0,0,0
174.88361297397205,0,0,0,0,0,0,0,0,0
216.06072600691766,0,0,0,0,0,0,0,0,0
306.50561382070407,0,0,0,0,0,0,0,0,0
116.31719635582347,0,0,0,0,0,0,0,0,0
672.141994653454,0,0,0,0,0,0,0,0,0
155.36577969483363,0,0,0,0,0,0,0,0,0
172.18720987031534,0,0,0,0,0,0,0,0,0
