cycle_time,spt_policy,fifo_policy,hrrn_policy,longest_queue_policy,shortest_queue_policy,least_flexible_resource_policy,most_flexible_resource_policy,least_flexible_activity_policy,most_flexible_activity_policy
389.3840178462158,0,0,0,0,0,0,0,0,0
407.30181049951045,0,0,0,0,0,0,0,0,0
417.6718913453783,0,0,0,0,0,0,0,0,0
396.93900026906573,0,0,0,0,0,0,0,0,0
590.8104574781797,0,0,0,0,0,0,0,0,0
357.4041020633363,0,0,0,0,0,0,0,0,0
579.9094721659842,0,0,0,0,0,0,0,0,0
281.57509307159984,0,0,0,0,0,0,0,0,0
307.5269174477329,0,0,0,0,0,0,0,0,0
409.5451432481875,0,0,0,0,0,0,0,0,0
432.260625947194,0,0,0,0,0,0,0,0,0
261.47045230473924,0,0,0,0,0,0,0,0,0
211.1795281610958,0,0,0,0,0,0,0,0,0
303.9154938529824,0,0,0,0,0,0,0,0,0
293.38630711275033,0,0,0,0,0,0,0,0,0
387.27554009620974,0,0,0,0,0,0,0,0,0
400.5690684142474,0,0,0,0,0,0,0,0,0
387.1786699970405,0,0,0,0,0,0,0,0,0
349.3935401566243,0,0,0,0,0,0,0,0,0
426.3272030418667,0,0,0,0,0,0,0,0,0
398.24175454123474,0,0,0,0,0,0,0,0,0
427.42615490162706,0,0,0,0,0,0,0,0,0
494.8464015688771,0,0,0,0,0,0,0,0,0
509.93533556937825,0,0,0,0,0,0,0,0,0
265.2776025905468,0,0,0,0,0,0,0,0,0
326.27585336653465,0,0,0,0,0,0,0,0,0
175.6133160320319,0,0,0,0,0,0,0,0,0
592.9981844563465,0,0,0,0,0,0,0,0,0
344.9943317500707,0,0,0,0,0,0,0,0,0
559.9619354766795,0,0,0,0,0,0,0,0,0
398.46413083205994,0,0,0,0,0,0,0,0,0
429.3781252642469,0,0,0,0,0,0,0,0,0
314.69454733694556,0,0,0,0,0,0,0,0,0
264.62866681945445,0,0,0,0,0,0,0,0,0
459.3657323418264,0,0,0,0,0,0,0,0,0
441.81882142047033,0,0,0,0,0,0,0,0,0
283.0972021167379,0,0,0,0,0,0,0,0,0
677.9938399472098,0,0,0,0,0,0,0,0,0
351.16634678433934,0,0,0,0,0,0,0,0,0
503.5899077830534,0,0,0,0,0,0,0,0,0
452.05244622467046,0,0,0,0,0,0,0,0,0
462.56453333137983,0,0,0,0,0,0,0,0,0
590.9430019135461,0,0,0,0,0,0,0,0,0
256.32410143552465,0,0,0,0,0,0,0,0,0
411.7120032911376,0,0,0,0,0,0,0,0,0
274.764533194733,0,0,0,0,0,0,0,0,0
298.9464250097984,0,0,0,0,0,0,0,0,0
482.283014686503,0,0,0,0,0,0,0,0,0
293.9628730476956,0,0,0,0,0,0,0,0,0
379.6429117401449,0,0,0,0,0,0,0,0,0
279.81005260312475,0,0,0,0,0,0,0,0,0
688.5295481445161,0,0,0,0,0,0,0,0,0
271.81148938661386,0,0,0,0,0,0,0,0,0
340.7891725077366,0,0,0,0,0,0,0,0,0
342.21331602090396,0,0,0,0,0,0,0,0,0
333.7192684086321,0,0,0,0,0,0,0,0,0
492.1261699694478,0,0,0,0,0,0,0,0,0
667.7519237927346,0,0,0,0,0,0,0,0,0
645.8955935970773,0,0,0,0,0,0,0,0,0
442.9066603571007,0,0,0,0,0,0,0,0,0
326.19895006771526,0,0,0,0,0,0,0,0,0
391.5499923700966,0,0,0,0,0,0,0,0,0
377.49290183768005,0,0,0,0,0,0,0,0,0
497.24930180533465,0,0,0,0,0,0,0,0,0
455.7425917962785,0,0,0,0,0,0,0,0,0
513.3462197363484,0,0,0,0,0,0,0,0,0
296.29890007806057,0,0,0,0,0,0,0,0,0
417.74737444485436,0,0,0,0,0,0,0,0,0
419.728742976394,0,0,0,0,0,0,0,0,0
436.0967876228243,0,0,0,0,0,0,0,0,0
454.58581366740873,0,0,0,0,0,0,0,0,0
540.6891180085241,0,0,0,0,0,0,0,0,0
300.3245618742586,0,0,0,0,0,0,0,0,0
313.4721270054111,0,0,0,0,0,0,0,0,0
381.00787953394257,0,0,0,0,0,0,0,0,0
527.6286442954586,0,0,0,0,0,0,0,0,0
505.03025158545375,0,0,0,0,0,0,0,0,0
470.017046346369,0,0,0,0,0,0,0,0,0
640.0873206052769,0,0,0,0,0,0,0,0,0
387.71128911267726,0,0,0,0,0,0,0,0,0
319.78192795156235,0,0,0,0,0,0,0,0,0
399.9714542144148,0,0,0,0,0,0,0,0,0
397.117700349675,0,0,0,0,0,0,0,0,0
415.23542698054735,0,0,0,0,0,0,0,0,0
282.06255053905403,0,0,0,0,0,0,0,0,0
272.7905726976647,0,0,0,0,0,0,0,0,0
639.9576377728604,0,0,0,0,0,0,0,0,0
488.36840172079985,0,0,0,0,0,0,0,0,0
236.4461686517565,0,0,0,0,0,0,0,0,0
267.49957140759847,0,0,0,0,0,0,0,0,0
453.50200848109574,0,0,0,0,0,0,0,0,0
578.3482067508562,0,0,0,0,0,0,0,0,0
283.452324610735,0,0,0,0,0,0,0,0,0
587.8393443897147,0,0,0,0,0,0,0,0,0
494.06437322950336,0,0,0,0,0,0,0,0,0
407.17412873792506,0,0,0,0,0,0,0,0,0
279.54620992913556,0,0,0,0,0,0,0,0,0
318.9158037026721,0,0,0,0,0,0,0,0,0
294.1497121011112,0,0,0,0,0,0,0,0,0
440.67799967253245,0,0,0,0,0,0,0,0,0
489.5040932536712,0,0,0,0,0,0,0,0,0
249.70191538612502,0,0,0,0,0,0,0,0,0
231.20348357199734,0,0,0,0,0,0,0,0,0
292.9659774219143,0,0,0,0,0,0,0,0,0
369.2988910588316,0,0,0,0,0,0,0,0,0
322.2659115057783,0,0,0,0,0,0,0,0,0
356.73613057418976,0,0,0,0,0,0,0,0,0
481.61940610259387,0,0,0,0,0,0,0,0,0
402.35356411858044,0,0,0,0,0,0,0,0,0
345.0612827211192,0,0,0,0,0,0,0,0,0
401.7856106546561,0,0,0,0,0,0,0,0,0
186.35727612730776,0,0,0,0,0,0,0,0,0
326.79928218720084,0,0,0,0,0,0,0,0,0
359.5889503537222,0,0,0,0,0,0,0,0,0
213.60376492672168,0,0,0,0,0,0,0,0,0
602.4322347974911,0,0,0,0,0,0,0,0,0
315.8569500264112,0,0,0,0,0,0,0,0,0
249.21684825207842,0,0,0,0,0,0,0,0,0
406.928997245818,0,0,0,0,0,0,0,0,0
443.044174844482,0,0,0,0,0,0,0,0,0
346.2940202990693,0,0,0,0,0,0,0,0,0
471.71056042492,0,0,0,0,0,0,0,0,0
495.04264258834615,0,0,0,0,0,0,0,0,0
455.502429504221,0,0,0,0,0,0,0,0,0
634.7449752489733,0,0,0,0,0,0,0,0,0
457.9354557635148,0,0,0,0,0,0,0,0,0
830.0452241083909,0,0,0,0,0,0,0,0,0
690.2478531903154,0,0,0,0,0,0,0,0,0
395.60005737305653,0,0,0,0,0,0,0,0,0
269.4518480731478,0,0,0,0,0,0,0,0,0
586.4490437323129,0,0,0,0,0,0,0,0,0
207.09748348738552,0,0,0,0,0,0,0,0,0
551.0974718346175,0,0,0,0,0,0,0,0,0
297.19467136894946,0,0,0,0,0,0,0,0,0
494.69219484836145,0,0,0,0,0,0,0,0,0
289.94743601471794,0,0,0,0,0,0,0,0,0
350.3019586738401,0,0,0,0,0,0,0,0,0
264.5032092292593,0,0,0,0,0,0,0,0,0
505.6483352297618,0,0,0,0,0,0,0,0,0
240.890657949322,0,0,0,0,0,0,0,0,0
274.191737771891,0,0,0,0,0,0,0,0,0
516.469388086773,0,0,0,0,0,0,0,0,0
449.81480964295326,0,0,0,0,0,0,0,0,0
389.57681717419916,0,0,0,0,0,0,0,0,0
572.4845850489886,0,0,0,0,0,0,0,0,0
354.18933304259565,0,0,0,0,0,0,0,0,0
502.1519274590432,0,0,0,0,0,0,0,0,0
184.49067899369072,0,0,0,0,0,0,0,0,0
376.93107217693665,0,0,0,0,0,0,0,0,0
157.1031029631222,0,0,0,0,0,0,0,0,0
352.1987013282898,0,0,0,0,0,0,0,0,0
462.27494245601355,0,0,0,0,0,0,0,0,0
616.974562950052,0,0,0,0,0,0,0,0,0
437.8088397115132,0,0,0,0,0,0,0,0,0
249.38824611783662,0,0,0,0,0,0,0,0,0
459.11938604635617,0,0,0,0,0,0,0,0,0
585.8835077352979,0,0,0,0,0,0,0,0,0
317.5667829795299,0,0,0,0,0,0,0,0,0
213.17432350791418,0,0,0,0,0,0,0,0,0
517.700005396335,0,0,0,0,0,0,0,0,0
346.42052886469173,0,0,0,0,0,0,0,0,0
462.1883336383856,0,0,0,0,0,0,0,0,0
378.53390896245145,0,0,0,0,0,0,0,0,0
445.9119460938642,0,0,0,0,0,0,0,0,0
169.76092361306277,0,0,0,0,0,0,0,0,0
381.4046038032207,0,0,0,0,0,0,0,0,0
361.3673577688859,0,0,0,0,0,0,0,0,0
591.5365513079593,0,0,0,0,0,0,0,0,0
415.41943681362255,0,0,0,0,0,0,0,0,0
520.4477443886906,0,0,0,0,0,0,0,0,0
456.96689048212414,0,0,0,0,0,0,0,0,0
341.9304621314798,0,0,0,0,0,0,0,0,0
346.4885648053936,0,0,0,0,0,0,0,0,0
393.06013364351105,0,0,0,0,0,0,0,0,0
420.70219493299976,0,0,0,0,0,0,0,0,0
303.85222605633635,0,0,0,0,0,0,0,0,0
567.6212062379714,0,0,0,0,0,0,0,0,0
381.76396296541617,0,0,0,0,0,0,0,0,0
399.9767473909246,0,0,0,0,0,0,0,0,0
444.13429871414604,0,0,0,0,0,0,0,0,0
561.1700561864034,0,0,0,0,0,0,0,0,0
543.6475320454086,0,0,0,0,0,0,0,0,0
418.35911624777077,0,0,0,0,0,0,0,0,0
307.29258468246815,0,0,0,0,0,0,0,0,0
283.8309219790131,0,0,0,0,0,0,0,0,0
325.32891159701484,0,0,0,0,0,0,0,0,0
499.0686674457727,0,0,0,0,0,0,0,0,0
552.3627028378689,0,0,0,0,0,0,0,0,0
758.7178069749389,0,0,0,0,0,0,0,0,0
635.2135878686038,0,0,0,0,0,0,0,0,0
434.6643257457888,0,0,0,0,0,0,0,0,0
482.8717699526365,0,0,0,0,0,0,0,0,0
280.01807217799995,0,0,0,0,0,0,0,0,0
523.0348433766793,0,0,0,0,0,0,0,0,0
407.6427789195593,0,0,0,0,0,0,0,0,0
389.93817856772677,0,0,0,0,0,0,0,0,0
262.8107683629237,0,0,0,0,0,0,0,0,0
327.45767767302743,0,0,0,0,0,0,0,0,0
390.8125542078849,0,0,0,0,0,0,0,0,0
472.12993863344974,0,0,0,0,0,0,0,0,0
455.11045350821,0,0,0,0,0,0,0,0,0
578.5648991488906,0,0,0,0,0,0,0,0,0
439.8494556699055,0,0,0,0,0,0,0,0,0
492.6528928748571,0,0,0,0,0,0,0,0,0
297.43871213903896,0,0,0,0,0,0,0,0,0
218.706050043929,0,0,0,0,0,0,0,0,0
385.3754175503704,0,0,0,0,0,0,0,0,0
625.0820171155983,0,0,0,0,0,0,0,0,0
285.4764430345138,0,0,0,0,0,0,0,0,0
372.90325799597827,0,0,0,0,0,0,0,0,0
323.7873919185847,0,0,0,0,0,0,0,0,0
354.8904661017492,0,0,0,0,0,0,0,0,0
347.37482254896935,0,0,0,0,0,0,0,0,0
537.8055736953501,0,0,0,0,0,0,0,0,0
313.9490939792996,0,0,0,0,0,0,0,0,0
294.2425505824893,0,0,0,0,0,0,0,0,0
353.57434961350924,0,0,0,0,0,0,0,0,0
622.5149797639588,0,0,0,0,0,0,0,0,0
606.1929233396543,0,0,0,0,0,0,0,0,0
258.88005208289275,0,0,0,0,0,0,0,0,0
313.53542549957007,0,0,0,0,0,0,0,0,0
553.520280274541,0,0,0,0,0,0,0,0,0
363.53863529191574,0,0,0,0,0,0,0,0,0
410.4742967258935,0,0,0,0,0,0,0,0,0
621.043598483374,0,0,0,0,0,0,0,0,0
341.66666453066165,0,0,0,0,0,0,0,0,0
292.8560633449824,0,0,0,0,0,0,0,0,0
297.3855325236609,0,0,0,0,0,0,0,0,0
312.2572322607326,0,0,0,0,0,0,0,0,0
348.2809454297881,0,0,0,0,0,0,0,0,0
479.0626243909952,0,0,0,0,0,0,0,0,0
290.79185923013534,0,0,0,0,0,0,0,0,0
336.7707441547531,0,0,0,0,0,0,0,0,0
454.49166808614683,0,0,0,0,0,0,0,0,0
652.4783142279161,0,0,0,0,0,0,0,0,0
372.9809080107304,0,0,0,0,0,0,0,0,0
562.5095012315832,0,0,0,0,0,0,0,0,0
225.1532443432102,0,0,0,0,0,0,0,0,0
363.29051113855417,0,0,0,0,0,0,0,0,0
421.7611706345589,0,0,0,0,0,0,0,0,0
513.9001705738278,0,0,0,0,0,0,0,0,0
509.5188108474809,0,0,0,0,0,0,0,0,0
314.08250780068994,0,0,0,0,0,0,0,0,0
203.60498965807957,0,0,0,0,0,0,0,0,0
424.04212066645744,0,0,0,0,0,0,0,0,0
264.50566601540964,0,0,0,0,0,0,0,0,0
442.9665190094567,0,0,0,0,0,0,0,0,0
347.29590121158094,0,0,0,0,0,0,0,0,0
388.1900363517682,0,0,0,0,0,0,0,0,0
229.85551276227068,0,0,0,0,0,0,0,0,0
604.3284171969087,0,0,0,0,0,0,0,0,0
520.76531759951,0,0,0,0,0,0,0,0,0
555.9919402336564,0,0,0,0,0,0,0,0,0
255.746464252123,0,0,0,0,0,0,0,0,0
300.7139271074384,0,0,0,0,0,0,0,0,0
302.6864906855862,0,0,0,0,0,0,0,0,0
625.2495929391387,0,0,0,0,0,0,0,0,0
397.17545541277894,0,0,0,0,0,0,0,0,0
319.69320941287094,0,0,0,0,0,0,0,0,0
443.5852812829867,0,0,0,0,0,0,0,0,0
376.08488984933564,0,0,0,0,0,0,0,0,0
518.926680757552,0,0,0,0,0,0,0,0,0
263.3978358367526,0,0,0,0,0,0,0,0,0
376.81182190866963,0,0,0,0,0,0,0,0,0
416.68734920681004,0,0,0,0,0,0,0,0,0
440.65200142225495,0,0,0,0,0,0,0,0,0
452.4595825376809,0,0,0,0,0,0,0,0,0
326.3491567016579,0,0,0,0,0,0,0,0,0
429.83861678382,0,0,0,0,0,0,0,0,0
245.10226232615295,0,0,0,0,0,0,0,0,0
343.6226001280778,0,0,0,0,0,0,0,0,0
505.4408479778837,0,0,0,0,0,0,0,0,0
555.1795763991388,0,0,0,0,0,0,0,0,0
358.7215634844005,0,0,0,0,0,0,0,0,0
579.7187565379601,0,0,0,0,0,0,0,0,0
405.45337688854056,0,0,0,0,0,0,0,0,0
411.4121804514771,0,0,0,0,0,0,0,0,0
299.99102444248797,0,0,0,0,0,0,0,0,0
457.8508938383098,0,0,0,0,0,0,0,0,0
491.5533007374691,0,0,0,0,0,0,0,0,0
405.9750266512105,0,0,0,0,0,0,0,0,0
531.8236288061796,0,0,0,0,0,0,0,0,0
264.6660046961806,0,0,0,0,0,0,0,0,0
571.1319144053687,0,0,0,0,0,0,0,0,0
303.01038470406115,0,0,0,0,0,0,0,0,0
445.7066359979774,0,0,0,0,0,0,0,0,0
452.06867656608176,0,0,0,0,0,0,0,0,0
344.84744966309756,0,0,0,0,0,0,0,0,0
368.59078082138876,0,0,0,0,0,0,0,0,0
365.97815090496124,0,0,0,0,0,0,0,0,0
447.73422502749,0,0,0,0,0,0,0,0,0
620.1443805619712,0,0,0,0,0,0,0,0,0
348.3330779629364,0,0,0,0,0,0,0,0,0
232.92328304625903,0,0,0,0,0,0,0,0,0
429.26886998567346,0,0,0,0,0,0,0,0,0
291.55717638093574,0,0,0,0,0,0,0,0,0
482.24904734810684,0,0,0,0,0,0,0,0,0
238.6430479409906,0,0,0,0,0,0,0,0,0
478.46536918542415,0,0,0,0,0,0,0,0,0
235.08883593616557,0,0,0,0,0,0,0,0,0
