cycle_time
40.23420646586552
30.532549413783144
62.619947269178944
22.595138679899616
26.85671209570787
22.553984440751016
97.23378460228356
30.734841092090477
46.426983795044364
35.347833194357925
26.444640966712306
31.455272959814405
43.034344999177975
31.73123030411157
41.69344791841607
79.60887592882058
50.17554321740117
43.54789382233812
32.829083020628666
21.86174705757678
21.27156375861498
26.612987575079362
42.853313352442775
24.54443862876545
27.83055974807233
38.67614072242284
47.50335382053584
16.905203495678442
40.25524107814048
26.030211692295087
43.19842500447419
24.496396018474346
28.644560064352266
31.44984130419907
33.21543681393261
79.8319251577676
36.08004315697798
36.007927658675975
47.47774392434748
33.92242899786694
30.985690739979006
25.483567293113435
27.575015414999832
29.263411035397272
29.163848819701993
72.89855036289046
26.032879365963684
45.55694303454391
28.773155078843555
23.210149899522868
30.712669801324015
56.5077794202805
21.613232715667337
50.66255111339917
41.43740487283163
43.589484431351416
61.92038877820175
70.51250904116998
34.188184643141334
27.095931671916805
69.35191541969752
21.596865510334247
22.221781257038018
26.07758966787266
29.679548373891024
44.721973477570664
34.864579542322616
22.953985080690693
34.13664450123001
54.250348625455096
36.83494112592659
28.328856289814
32.794805375152286
32.36515557106292
18.589196757174836
22.76304629392335
25.709277360916104
31.49504419095738
22.296322151262917
24.95743881692194
33.4595043986063
49.443983378966855
37.22686797690072
76.67228264623019
63.79024818280187
40.26656505040327
22.095669371413354
31.163491050928943
47.7441861719113
50.124396308115
19.803528527876225
23.227096252554905
35.2459989862231
20.884513202365014
57.927066969406255
35.69330011217858
29.82194731679809
34.88755230833608
40.65499842658336
27.063981334121177
24.130569938487742
26.29841632091364
48.319666234196006
49.5970576067938
25.58386894624181
48.639275571216245
25.767771912868714
23.912394178060435
26.724197925156915
22.197501694254676
21.11606995808647
38.32397382890086
43.679019988716654
22.644514713752837
18.68028963414309
49.2408811330353
22.25341340106332
29.96640872921689
18.70535963942263
18.05472323873168
25.832014722292424
33.507939486200094
35.485873813217175
22.90751054660657
25.87499997968108
28.9291252608333
25.46055302577001
55.98397283498368
40.888264548150545
21.696771340977833
33.22314915834866
33.29021620595531
33.09295957483583
32.69546089652849
59.78516039949482
20.87637467462141
52.00911358960444
33.8112759421383
27.063697764002242
21.85541559958971
40.64720836074247
30.518265202177083
32.31451953761452
17.601013955947124
37.90058528227493
29.5649150232592
69.345812115637
22.072222682257735
48.570771236391366
57.91757240373931
22.881927023723165
18.860015781822696
42.575735142362035
28.63161228994893
29.879065628467714
40.33861650457474
29.251352059297144
24.6410123668279
33.37410424015337
26.969797603464958
20.287798332008887
34.553216113980156
32.712851749346186
17.247917466367664
33.50545208809455
36.37409737183041
42.109740178397736
37.79683907875737
38.87902320500239
22.83795072001548
27.927931909586384
22.122747673155278
33.84834336535343
27.97930374352235
42.588698093745975
26.05906877315673
47.14036282175481
20.246566481599782
24.133859664968004
37.34674955682462
37.09301578898289
22.62106784744853
27.36500466873825
39.852223769017954
18.995955220388783
29.234279342270206
29.636592899252868
26.065717862189768
40.001143062365195
35.698831697558546
29.786497983523255
27.693697113829835
24.721619237814007
43.22664823097884
31.926329790968467
54.60864467406062
21.397575412380597
19.38417128553926
16.984040722276468
17.075237671399364
71.6393163029003
102.74512276962373
25.00761406357139
32.96705540071663
36.85517010678527
19.128676309608498
30.88148028235709
20.512009733460147
26.600629304525487
21.431067727316115
32.569390412801326
24.41599170998742
18.231796348180612
31.487842462322476
21.186771313702295
20.504607115746474
52.445471272251766
38.00409769803011
109.30030304797118
27.679461525599677
27.88458268576475
36.962687871775096
20.133143017742253
55.52536964094573
24.47492948349552
33.96290832540283
48.857371268651065
74.03471467802214
68.16563004832426
23.556906769747748
27.123961110167308
70.02786484523989
38.329724104745324
24.450856689099787
39.79441308105235
82.73164295354495
30.838659602119794
39.90066185997285
48.53489115109588
35.48101273340357
19.05604132434814
22.82441724590145
34.20940109268389
25.759473473385913
23.93195639014684
15.346275205894552
31.349231637339287
43.62626582670213
31.281475743604304
44.41295343971928
21.40270349767195
35.98322395283614
33.9022650973063
29.820872599681056
25.82475584624504
24.194747383557615
34.435903868245234
35.31577809284862
21.4593268248127
36.84425383624514
39.00029398753089
20.531706977847417
24.722260938005817
31.354953615638387
22.95481111481549
22.165768639203137
56.79178971095959
30.02905137068986
44.904311755636954
61.57126582642966
28.141464882666156
56.707391488277956
19.660620576723087
44.26987985046855
34.81702617516782
28.616146925018924
129.38046417892474
20.431281369830327
22.411306080988282
46.84816076362606
34.06483467391356
27.245552486027123
24.637399438938466
31.615475653649558
45.25011955266825
22.443485090514653
59.66529200426841
20.017720420054648
25.396832086640764
104.37668374426647
43.095082985869894
42.61540654220677
42.67964891102229
20.192670406369793
88.64336016758166
20.001782597967335
65.29213043373771
41.002991347783286
22.987792753344237
39.06438296283442
