cycle_time
22.23712670390612
20.53087378731334
46.03200760908341
18.055161642609455
26.667096886740012
28.32793244779717
38.08801937447739
49.987035641937126
19.966353632080576
15.885621271908347
22.709451588065765
64.51561163377185
20.030496557917754
35.471716156556724
14.59069201195186
21.550020957302273
38.43787349277897
30.32588642496543
18.36503613403082
17.743428797918362
22.277134353120882
17.807981457541537
17.880946869688998
16.71739672719739
22.908586604252825
15.003609454867123
32.71259031369085
20.26049625144488
43.19373225732737
33.763575654759904
18.33014937358284
16.197234227414516
19.40634982533322
25.015720329971483
34.4824737149463
19.436701151719692
26.45325868218409
22.26389086354375
23.51907473283048
19.72074921974874
32.24645411287254
32.17931795148831
17.847683914287924
19.781751930004294
13.794304348597118
18.326884277988206
14.572040734903121
67.34094010504027
23.63053792587724
19.391331382684125
19.952938585258092
23.366141604599242
21.66943497890567
78.49872277870666
14.85723143450614
27.9976636155165
52.63207354368529
27.4931792150064
18.031520057509834
26.74850002435385
67.93291551225182
24.065029347008384
22.990475405953443
20.76573711223097
19.882150447107325
30.502609515612647
28.98755231993866
21.269809337321696
31.582875633062283
24.659746395833285
80.73784529633437
25.56557174794142
17.69872570977318
16.04717421119825
16.668403196181487
26.142665342754913
19.006962507722264
44.999002017596915
18.142386354819184
32.024252860271424
22.704854640908678
27.068216514287965
22.839387145536715
17.889219021678386
20.270387182040196
26.898604975891043
21.634525597226773
18.43877556802623
25.10516620437586
29.132312731942918
68.43126121095399
48.47417781195775
26.125254496514547
24.559402338060956
35.65880184586351
27.302367969622193
20.968585787031916
16.16790999886515
19.52407530066775
25.490741728937735
24.579572408400207
37.06855281405927
22.159871682507095
21.34401540081389
26.997460039151857
23.184325541328747
18.333152905456863
39.419946277139985
19.130315179952586
23.500898200124755
18.373866753122446
31.56025420870709
33.20581188608895
25.647867329765504
19.537289203200352
46.498489907923734
32.74929728988858
39.8936249271312
26.29206092185908
17.85303032994881
30.630239102456652
31.72498402073759
27.661731959442942
19.343144225515008
31.865769372265465
18.505339942047286
20.54793542782832
36.17919839190557
22.341951704129812
19.09574059844384
27.503526146627166
18.3871509798494
30.796905983338437
30.600403397464728
49.82137890003819
17.242186478743484
19.975428186815957
31.261419098960104
36.217026401413136
17.42596505485216
20.469886679462743
30.115065963200948
28.306192260427096
21.8252486866217
19.394757862860157
19.006882483192467
20.14897810710654
27.153758575180028
22.236910581872216
47.71537167628548
26.64016165859072
25.8794380324197
19.1696840186484
16.941541966125843
30.02838186329385
16.220747439298744
29.029390145033112
23.51010916300919
26.692800097664158
17.167525047549244
20.517236369439697
15.966397373361982
18.09416491775269
50.42715595343717
32.004324012956346
21.71847002606713
15.884906123219295
18.15381412445335
38.364700715516804
23.353787869038413
21.46610002548344
23.148532137071925
31.561916602804295
22.571251170390614
15.802466196042065
17.89412477230543
25.487529046001068
17.61676399772936
22.642117084485886
15.980296025512583
24.64010039479856
32.46355932822316
17.79103911597362
26.884783604963033
33.28051816468533
19.09971590629066
22.704458291085288
16.195207162940022
22.231593866521756
26.031966623651396
19.832814116807718
18.71499372037439
27.701432528480034
21.627361903526086
28.877051601709212
23.006722788179495
28.07420784760645
18.23432757471857
15.952343417907178
18.237997192385578
21.628264406066528
29.322597707847304
38.931456206023725
23.106186359678116
66.72080963026791
15.260884758939795
17.526812134263437
17.612827950130097
19.73522211222781
25.029794142980688
21.144429522712226
20.52424986414723
22.98997324537344
19.7452650652767
17.763774374697956
22.004470513867442
36.4759755882421
25.37314538622035
20.490792614347164
21.085824701298723
26.784240755575443
19.669166969660328
19.847425241848388
16.755334150242916
18.95526728138218
39.47299007822182
17.22423289338607
27.476630217518505
19.17604460684946
26.18757842010035
23.819711882117097
17.70718224872487
42.899577917665
33.46277817444048
40.198118853405475
24.479854952333977
16.95740474940229
48.751598163164815
23.201130160616547
17.982298623052536
15.94080044026385
24.634212031662614
34.544018064357
33.57019251599139
19.510550602270218
16.625678381732868
18.4924432944049
27.57200965722224
16.000791574855487
56.745657099786044
35.22885911825183
22.727378498225956
22.63620306528441
32.22984063566869
15.077567340811502
18.482588128713907
26.06254379196939
28.50614887989085
28.42638761124808
21.581538254034914
24.575112881966593
24.964182681641248
15.086917457144946
29.118915553954864
19.423879534172944
14.168184254057472
44.48291373547364
18.67674755013225
26.953519790072242
35.20893230487635
18.093532925847374
41.37317689861886
20.739729144639515
14.714406736079969
15.518459486241639
17.21972145859332
16.96238556381669
19.921776677767383
26.172583373780732
32.42747551770449
26.8736558320781
28.26591308373102
17.06088970398852
21.762011264338042
20.173429589330933
14.65260048383101
33.18124919107375
29.287050937452946
18.517951510930693
20.02607281183734
16.270311382290366
24.353017959652647
21.872745237889564
25.607575807441897
18.20012434181434
16.85888165571729
18.882427243776938
22.31511173212785
48.70799021196468
22.77824197780606
