cycle_time
30.35210481538764
28.171434928664496
24.14415633245664
59.67388812409471
61.81631435289415
49.23878072927742
40.61651963476761
53.21118508961734
23.479041557992446
20.04123594149295
31.46036110481808
35.38687454813662
35.08810492275592
92.79557121995985
35.56780662107353
33.51027745906502
27.55451896714719
42.19358619064293
52.94278284950546
31.88301873119412
34.745305393661496
24.019726937600243
23.242923493918482
22.703186828529223
46.73220389216978
48.10717558790121
32.98981202118955
50.658435158287574
63.11393775924659
17.687961835792628
40.343424919548056
25.912042471825778
73.9336370313008
28.83101646744318
31.61824675987365
94.17589567003077
35.36183678337004
32.24550651882696
22.65648319262071
23.19807528343985
36.18909674681864
23.05276737847879
40.97098484555538
37.691723960362545
35.10386324365947
26.231074372356236
27.222209556221856
38.93784798548405
61.78792127168135
25.20085559804025
18.020991539099153
40.6643265819293
34.410634936590476
33.607134719986625
34.32869167266091
41.68233928486261
21.43430883293528
36.693610909219544
28.227582800864628
60.8915274048836
24.449179695683355
45.234267258679964
37.75406354242038
41.858769432066
33.79352845713948
22.33923973629753
24.21126564658232
38.78794790495448
23.589193755243894
30.865936954720738
38.93869450916982
21.53383706172435
46.57150284936073
19.808600162573466
46.724181001841444
45.00132025472327
56.72007730784994
38.08762031930805
40.8381713916844
49.919538470417876
41.63315250805502
28.234512258091925
49.36162743573305
29.90138442699988
20.993500297565557
64.60497428980864
33.73090692770855
48.509499092411374
28.42378785944209
64.72184298225565
23.117918178288175
39.56720797318315
29.37545777953285
87.01023117757552
23.30467615250908
30.55572311568458
21.472257497163824
69.30856772331937
46.50201907428201
37.3246372745459
43.564456776126804
30.177581852955573
24.045477909045474
37.732643678996
25.378257990150786
65.23465779826536
27.965278522749497
20.991953991174547
185.77147726859545
30.27180590908191
18.315939103890724
40.50030602128046
114.48623439915444
43.22770628994599
38.716086745144594
72.88291417698791
94.81435813342522
27.621390551091565
20.411735264303356
22.13968350782642
22.044789586975764
61.58829910906557
31.148183241141933
30.54900826472627
26.2079434595385
38.8942626593088
40.31841877422866
31.649312331819708
30.198522232192346
26.651873869573823
25.260104502249945
29.774819686211952
29.482499380642043
26.80463367850273
56.324262188956126
48.37017027201495
57.74932167774647
18.938424461402402
25.485789400643323
43.49308684015457
54.52855785443786
41.14890761516451
47.61347353771987
24.920855079762998
58.37284372813029
41.69160961096852
21.038136172540497
21.731912510742056
59.55454528520252
20.966212943628165
37.834542709937104
33.66734099638949
39.666588986022035
66.3267053218369
24.14793524811496
30.0216282847536
30.04831301906829
26.918383759821968
21.31021881717773
16.902748543268263
27.354319931121825
18.235639944258438
23.3095674803941
50.3185408418593
32.8146306206649
25.565654986000723
58.09093595698925
64.99867943815134
34.692108100785795
43.42221854806713
31.74739094786591
53.47996768822311
20.14169168845761
70.62762278209335
29.84444234681719
51.931110412164244
32.75418135285713
31.6633222601509
22.292773999243863
26.33418750225513
28.131917956283765
39.991661709908314
48.74185693719779
34.59636393395874
40.776451284159535
31.770111293583454
21.40475900058057
52.04494828409394
27.965879716344812
24.95328404674867
23.712182904149213
47.087945867017176
34.044998745010034
53.888834474495006
39.819892547216206
37.858445900066826
44.03483892248031
45.234280323403475
39.35613176979542
25.59209850973289
36.83263011169508
26.125370570644183
25.08132934883204
23.36739078441295
38.9090532877238
20.64066863010204
29.51812758216584
36.88111475083481
23.933325689107384
54.17950898345157
26.483824637202925
44.75679422899823
32.59574127733251
46.80416270147616
34.44894343948322
32.350284536570236
24.743268963992694
36.583416802838755
24.14165161648182
23.42790254108631
84.04646350449272
63.973074137144074
25.410958529641196
64.04705994661074
40.28083613817163
18.882150691369745
22.691989131322643
28.1601483670437
21.04424381507198
87.23119514374875
46.50040639868776
30.69335653744256
20.717938593302343
27.213554422191446
33.11762683257014
34.38690314094863
22.796584248461702
38.934703928422806
40.32225516407877
26.560463807108302
26.96454299286334
25.084896241896434
33.7964168870443
41.03413052568003
20.306844012324614
32.35119923627627
57.70166170336396
18.69386561418552
31.309524671487356
21.274683183322388
26.392148722530127
22.814094952717106
24.41943227846569
25.369532521479947
21.40172575331307
24.421663201635837
69.23339541136012
34.39022576880442
19.323401835805864
62.18522337366444
41.36142584987935
29.95584777598464
34.91044873313532
32.99576990472302
26.708178582520773
52.11811577789395
23.126387610265297
25.020885860593765
49.395924762564455
35.872539969110505
24.59329753643786
43.70861246821026
29.011259587041145
22.467310539859582
22.64665913977792
30.941040894095515
41.15459545387292
30.343904163818337
27.296967149301075
24.815296218056627
29.053539124251383
21.925442037736396
30.505768583546864
27.362954922901153
24.26382318847799
52.71339732417181
47.42711510650159
28.79521629691063
22.573164200391357
29.104653111843966
79.14365700799621
26.915791289640126
30.970417611000126
32.688342152114224
35.843518015651995
31.232899152074616
41.83590078034861
55.78755821102617
54.341709330291735
28.577143062423456
