cycle_time
36.72404556070622
28.332507669812486
43.66876005314696
36.022817460820185
36.85523252320491
34.91258080004528
28.378147287882847
24.12619268736894
26.484886795194754
32.81082127910918
54.218991235967664
27.929510487083093
47.22490801900219
49.314539210961556
25.968112908186008
27.423259857997724
22.299332918411928
63.01439268144795
21.084520014183596
42.89921813988283
50.74747742565594
29.22513686601384
23.75001087896496
33.097533200767934
17.735769365156017
30.846913109527364
18.729738571527484
40.67104128795901
41.82822905223483
18.918792809803676
33.68418277251556
24.196672196876143
38.28583324535299
58.27122917377956
30.30230515152793
27.40295935124608
23.405628991344642
21.704129369272835
68.36557459856483
32.449717640285314
36.93435758827561
18.900703647902894
24.768863649031392
28.879323778375554
37.426250792485305
25.721454552199695
24.705084025367437
35.81607752178883
32.54629591304137
37.658768586414475
43.453976998719234
24.321041880015176
28.44508524201938
32.965402860324396
25.74172906907907
24.164395682454263
35.26382472882291
44.66523021952609
27.958653305246983
33.24605590646586
25.8944312396763
31.089831172714018
33.65092048112402
40.524266052915145
30.920252451283947
21.514147163225278
27.219967812748305
21.153931955458063
23.243364795725565
19.595675271969984
86.59977213011064
31.225581876261963
48.11103530069011
27.739783131355157
20.579705259264387
22.43912099275322
31.732393217616373
20.4006430811441
45.32334267625761
21.879309788918505
30.34763481876396
34.40978095370619
19.22261559497469
21.40541158944555
35.934888346993304
36.402882062260325
26.416946131079794
24.278089587208314
36.9625693811082
67.46084260490795
42.10558521280996
43.17473309976245
29.078825449951417
45.26139319167527
23.29580893639189
84.09528486712354
29.705879289329783
35.21384086178767
21.766516633774906
18.22230781325888
28.512109076402076
28.51364023223086
33.003142633879825
27.320138423069192
57.27306046140515
19.09187383071025
21.590807197974424
34.77296274070869
50.911861419097015
22.530875684301716
26.366285805799716
27.178609101676543
44.49788853055567
22.658900168134007
34.852907761907694
39.53926970358601
20.099867350350603
105.7409251893622
25.787854329680513
83.88657729059295
50.56886453694344
26.75060300122631
34.180928657453705
44.64716464969609
29.536611399072807
25.15470367059412
32.208297826237704
22.545087393518536
29.74974534364703
31.256557318354105
23.303643396509827
26.31138267354254
26.642511886749745
18.902259537634574
25.70380027826443
39.43101473464959
26.227457447591917
29.733136310839033
25.508546800345908
25.271531100981598
23.484670514974034
40.594999493843346
25.025368767337664
21.26244028591831
23.080658370720624
31.680858783602407
26.056505526275114
67.1124439332612
30.044691451342903
30.51382304796306
33.23202860519025
47.233383366417314
41.78439411714198
18.799161090111912
30.431534926096255
23.989695325206462
31.515353130332706
20.347464112604825
38.57124708304568
29.17285106298892
41.134608939431295
35.81164279678709
29.373628149709443
29.825200405994547
39.82811732004685
37.1955131153891
27.09542924294753
22.90429361340529
23.270155819915523
21.498830884690218
30.88752464038959
23.737996450801116
27.681303973325907
20.246293327783327
29.723884869336572
26.01482272563767
66.41303174516963
41.13703774600643
24.133976197959043
56.04262200335311
45.42849923356462
20.593880460923383
109.43486636337427
38.82083672730257
66.35350654458244
78.12001953425305
22.17241043955182
20.825274456491623
25.731913315680426
25.850454787832835
85.52163459745366
36.19709059020518
27.632573636378527
37.49215632571094
25.770473999163542
21.553584430478832
23.64760863989949
34.524422647583044
40.66563713949908
26.568018319473307
28.689591277120012
28.46834429785388
25.664363154728314
39.73719111290583
41.08913810094352
28.668224156299313
28.08823301816893
67.88053147988123
39.54239836189776
20.22494786979657
22.21917779281447
40.018488282060936
23.29131749121727
20.29731009161062
25.355136369877698
27.842883127001787
77.79782646560083
31.835450038385012
80.74059476969293
33.46078966544662
22.088121398153156
52.28379838702803
33.18514334381099
87.27865030312181
23.966213904471946
42.26497234787552
16.861679844297562
53.85639692761956
38.470089467325714
21.35200176980061
41.50308342790534
24.50898192785686
30.33940476344355
17.16508467815547
24.902946797409026
36.980967672696075
64.61118401772156
42.30861231469817
38.79422820839027
66.23126842926573
29.358056106724028
30.719827609210288
30.809367841519975
33.07734873689777
19.749766832235633
33.56262704828447
20.541089745104237
56.55631761122161
47.47713743878521
37.27358835735174
17.34417813968463
22.285594468770054
41.58814637901538
20.86065846338548
40.331217182954575
25.12146153465544
23.311319271620626
27.02981092066002
32.06088000533189
54.27571128413081
26.420869582816458
28.719575426356812
41.2532763557454
29.389396625285386
35.69639777102761
41.007675031915014
22.600229836400548
22.769635048353894
22.51457213430428
27.76387146026513
34.22449105484427
24.81552194300651
23.60175980725689
22.50507575718374
25.51536529374447
18.3313099756433
36.990579680027075
31.587528681551746
28.523492721538275
29.581171908018636
57.91898893213066
25.989995026008394
28.658578391234347
26.35714822470826
29.862236527568587
28.781149949682142
65.00397314462876
58.46381397651779
61.20925458490034
25.155783388888395
20.607656059717087
32.77956670796451
26.067628904875146
31.731110515015995
24.78375151158387
55.79691499993846
34.20771361198547
54.681162315732635
26.82757053695212
28.599744062001836
