cycle_time
152.38956074617764
24.597088175996436
26.413014889392663
32.03685611271306
32.141480465208346
44.351479424034785
25.570335635190403
28.198967198086386
23.193354691466993
49.55834578009108
37.6100569259254
33.915957871692925
35.51882255599807
29.952551463054032
25.535940669689246
53.6763985726386
45.22199089924745
57.984597255083266
23.613257982932087
49.18674974526386
25.96395473898579
35.022127403990226
21.66435873009651
28.666877631322322
69.66585775327601
24.633566161934603
26.678727186325627
20.924138364923774
20.847113952487632
59.57272799835512
55.12712964649726
68.65168078668815
37.70504304512908
37.63971185279504
26.25090189734406
35.81685597646663
53.840996433641564
19.447426795506384
35.27602328416887
23.49919832567653
27.393339557408034
31.55796107579715
44.13431388206009
135.94225277358044
20.48891241472943
24.123647483100292
29.533412075723035
30.025671468686934
41.477524653991004
43.00307332426011
28.790605121759793
101.8717854375586
63.426634923268686
24.463429341468622
51.47538882864454
28.09535323402564
31.988999414260572
34.41851142006434
35.9752500000692
28.753315385089685
43.41487258510962
28.552413289390465
32.05459574456973
45.719320259045695
30.387380239834908
45.11946476247828
28.68495899926227
44.743689538820604
32.35938465500871
42.61507172969227
38.859174099112124
24.287126634098065
30.73473604881531
51.952231376268
18.145223426766226
72.13277661492684
19.786376253084534
42.57194558895794
23.511120462916473
27.503758754058364
27.909111504828054
21.149935687677388
21.020616900109033
35.80581993651384
43.77442721197767
30.684711229378454
31.25832795392795
48.557631836042354
26.474683381678975
23.04857326103637
20.845252626303868
49.54224627297595
37.0182577860869
35.68264708705398
22.426795123914097
31.480696510665208
31.4637139815258
41.7467426828423
22.967374112322762
31.539928458417684
43.5341010546464
73.68119283741416
32.96094126055139
24.699655342031317
15.00134114283923
44.55801514264141
23.275447965331665
37.052170164999026
40.60697963795897
37.44242637469284
48.53313809124884
28.75012861085436
56.55578229253682
25.431916029253408
39.900434444131726
30.52592084983978
29.13844704951857
55.80934467083865
26.743556172090987
26.637767955146142
34.995502478228225
81.56134247830342
29.673607328148943
27.98085513504277
38.57723696203565
27.12668748379904
29.275413111311618
53.41092513332541
61.504375363538806
63.946154542403704
33.88150811652262
29.767554234852387
64.84816980869235
94.55521435163949
25.62025714224586
24.762439123849042
29.3892000225668
42.89782905469657
29.99545638854844
81.21663641028739
37.41959388026571
40.93659526074925
29.28220883123713
26.122342943468254
23.47417650179182
20.5332812291049
28.952060769078642
67.74595479085961
25.067717651109184
26.577265045650783
35.96740406177
28.259134587346573
42.776125706117035
31.99400501883231
26.92942171010531
51.633802121789124
53.746305280742106
89.43442136759353
46.37638593840509
21.21630049739061
59.31457676457107
30.36961597674169
29.21921452383471
29.2129010024933
28.114968236206806
23.941805702231978
39.942986466881734
36.4305601639463
22.71704402656635
51.160325219558096
47.87853282272714
36.84646253213787
26.48327284290419
28.71651646361206
31.73028017798039
30.86271751346454
42.01670122725995
33.278874550510004
50.82795359820694
34.566401028276296
20.295020912801824
112.65691606210886
24.32938461096404
43.510797485698795
40.42414716342968
52.56690730861027
36.93704141817546
43.00597759503935
28.79543119510822
78.01701301703679
22.273402414391942
29.020386085166994
27.083528117982468
24.074143100892822
40.544553265272526
16.932482633094995
59.26343152110691
40.06840238279473
38.4445196397103
25.38966319539853
92.01752768523272
25.195208143483285
28.593453474527777
38.31951016358127
103.87482619061615
70.25940730036308
114.06177603780775
49.06461814667961
26.72084925745172
27.73207522224009
39.69172225141206
51.988103322193155
37.49360540788094
24.72856688984622
26.589688656756945
35.59918041789842
25.270914306067734
23.361222496148518
70.61652589052144
43.945980904931055
28.452596291547767
25.573879755930882
37.55318596424207
26.46001258224612
26.214285040516014
26.32258034388455
65.18748529544655
32.171126910950214
24.883505091691035
24.75351473172949
27.168528064089433
23.33112891907757
30.199938049116945
29.157107497266136
23.66539367005807
62.293663085900334
39.616010271401045
56.81681646107455
36.89267244333404
45.31264249203024
31.028220607301897
26.384167423321074
100.5746379391883
27.14252359546849
42.170786794465435
21.428005009336847
67.84064464789785
23.705512756786664
31.827037487393135
147.43593611734815
54.67394481017836
29.90480599823134
26.39196411755436
23.322509267852595
28.09503687084764
19.393261884066337
37.969905603151936
20.35179466630682
60.43631940841582
44.07971663122072
22.929216854813724
33.074441666535265
37.45672925156716
27.769827996000547
25.986378898202258
29.715731057501976
20.986981886825365
47.5810694762408
135.78861125934563
23.699981944357447
23.995461729256782
24.23079154138079
42.525151947395635
27.69761782041446
44.86226186739511
29.087452210785578
62.61867229599652
32.84596279836533
37.8963527586539
50.51673459593036
23.967027121805977
37.63025980498015
31.92147967302941
20.49926352628873
22.066622876104084
30.929693640009162
45.2655933636388
24.685551097660234
31.6538737891287
53.665224472760954
29.411490165411674
47.72387796033204
17.836071913087814
37.01819794761067
49.71058901185523
30.62945900041963
48.57334294956973
17.484645737841934
22.061913873217588
37.59220911626211
