cycle_time,spt_policy,fifo_policy,hrrn_policy,longest_queue_policy,shortest_queue_policy,least_flexible_resource_policy,most_flexible_resource_policy,least_flexible_activity_policy,most_flexible_activity_policy
384.7370698976461,0,0,0,0,0,0,0,0,0
335.86454159576823,0,0,0,0,0,0,0,0,0
575.0639421077382,0,0,0,0,0,0,0,0,0
254.77010876617302,0,0,0,0,0,0,0,0,0
140.0423884866832,0,0,0,0,0,0,0,0,0
602.6974306311173,0,0,0,0,0,0,0,0,0
230.08151933386452,0,0,0,0,0,0,0,0,0
672.5299355696403,0,0,0,0,0,0,0,0,0
351.52503542861655,0,0,0,0,0,0,0,0,0
489.97187014546824,0,0,0,0,0,0,0,0,0
439.9971947711002,0,0,0,0,0,0,0,0,0
126.20598362420716,0,0,0,0,0,0,0,0,0
170.65861546128136,0,0,0,0,0,0,0,0,0
319.4231918140898,0,0,0,0,0,0,0,0,0
390.0629320918227,0,0,0,0,0,0,0,0,0
137.95835944218473,0,0,0,0,0,0,0,0,0
374.29602375310037,0,0,0,0,0,0,0,0,0
488.98867899814576,0,0,0,0,0,0,0,0,0
467.0596682314434,0,0,0,0,0,0,0,0,0
753.5738408073232,0,0,0,0,0,0,0,0,0
592.2838616392557,0,0,0,0,0,0,0,0,0
301.80575356884054,0,0,0,0,0,0,0,0,0
401.03315233447086,0,0,0,0,0,0,0,0,0
680.8163019477976,0,0,0,0,0,0,0,0,0
363.57792010077503,0,0,0,0,0,0,0,0,0
178.18023001110504,0,0,0,0,0,0,0,0,0
513.4148476307379,0,0,0,0,0,0,0,0,0
136.6078880320039,0,0,0,0,0,0,0,0,0
197.6608990232437,0,0,0,0,0,0,0,0,0
179.0992380267533,0,0,0,0,0,0,0,0,0
363.60289395099943,0,0,0,0,0,0,0,0,0
551.264925080446,0,0,0,0,0,0,0,0,0
546.6116081560779,0,0,0,0,0,0,0,0,0
429.96994079412093,0,0,0,0,0,0,0,0,0
300.3207159149916,0,0,0,0,0,0,0,0,0
192.29289462221254,0,0,0,0,0,0,0,0,0
145.45512842837462,0,0,0,0,0,0,0,0,0
353.12285115428136,0,0,0,0,0,0,0,0,0
106.21247395744462,0,0,0,0,0,0,0,0,0
213.81985466159293,0,0,0,0,0,0,0,0,0
286.65530271457317,0,0,0,0,0,0,0,0,0
278.46437513161965,0,0,0,0,0,0,0,0,0
312.93744992788334,0,0,0,0,0,0,0,0,0
428.06742387301307,0,0,0,0,0,0,0,0,0
370.7657132500937,0,0,0,0,0,0,0,0,0
283.4882158262495,0,0,0,0,0,0,0,0,0
420.159756136529,0,0,0,0,0,0,0,0,0
500.29413176582017,0,0,0,0,0,0,0,0,0
413.73855392778137,0,0,0,0,0,0,0,0,0
730.546755957402,0,0,0,0,0,0,0,0,0
314.25878859032997,0,0,0,0,0,0,0,0,0
254.66613416966615,0,0,0,0,0,0,0,0,0
136.33014320572636,0,0,0,0,0,0,0,0,0
362.0399290322506,0,0,0,0,0,0,0,0,0
223.21747068758086,0,0,0,0,0,0,0,0,0
268.8976462757342,0,0,0,0,0,0,0,0,0
139.43030093814528,0,0,0,0,0,0,0,0,0
143.24851471367128,0,0,0,0,0,0,0,0,0
191.16371545089166,0,0,0,0,0,0,0,0,0
444.67201601481594,0,0,0,0,0,0,0,0,0
319.2726936436316,0,0,0,0,0,0,0,0,0
491.1698773533089,0,0,0,0,0,0,0,0,0
95.36717544253824,0,0,0,0,0,0,0,0,0
235.74828878985835,0,0,0,0,0,0,0,0,0
513.4179502541346,0,0,0,0,0,0,0,0,0
568.0311941651656,0,0,0,0,0,0,0,0,0
401.69291996381224,0,0,0,0,0,0,0,0,0
268.0604484961985,0,0,0,0,0,0,0,0,0
421.7848694351765,0,0,0,0,0,0,0,0,0
435.7132269623996,0,0,0,0,0,0,0,0,0
319.8602524591995,0,0,0,0,0,0,0,0,0
582.3206151226965,0,0,0,0,0,0,0,0,0
529.8473583108345,0,0,0,0,0,0,0,0,0
237.44167213111584,0,0,0,0,0,0,0,0,0
500.941019587582,0,0,0,0,0,0,0,0,0
341.5880562525195,0,0,0,0,0,0,0,0,0
199.8267861380679,0,0,0,0,0,0,0,0,0
313.40054290788237,0,0,0,0,0,0,0,0,0
403.8293298954542,0,0,0,0,0,0,0,0,0
433.00146543813224,0,0,0,0,0,0,0,0,0
344.33755935867697,0,0,0,0,0,0,0,0,0
330.4979997773866,0,0,0,0,0,0,0,0,0
100.94799233410528,0,0,0,0,0,0,0,0,0
454.1998541033611,0,0,0,0,0,0,0,0,0
168.713857490374,0,0,0,0,0,0,0,0,0
352.1574048986328,0,0,0,0,0,0,0,0,0
184.33394348102027,0,0,0,0,0,0,0,0,0
547.7772395339923,0,0,0,0,0,0,0,0,0
177.40602490019907,0,0,0,0,0,0,0,0,0
151.3201238008217,0,0,0,0,0,0,0,0,0
270.1831854867853,0,0,0,0,0,0,0,0,0
292.68224231934084,0,0,0,0,0,0,0,0,0
247.6258489737979,0,0,0,0,0,0,0,0,0
263.1900954304793,0,0,0,0,0,0,0,0,0
502.4179000308144,0,0,0,0,0,0,0,0,0
233.5845310171161,0,0,0,0,0,0,0,0,0
95.19850244610336,0,0,0,0,0,0,0,0,0
351.7930223662055,0,0,0,0,0,0,0,0,0
733.7963133212587,0,0,0,0,0,0,0,0,0
618.7456214451236,0,0,0,0,0,0,0,0,0
209.20846283036673,0,0,0,0,0,0,0,0,0
136.92198757738134,0,0,0,0,0,0,0,0,0
510.41980237205877,0,0,0,0,0,0,0,0,0
275.97229787779844,0,0,0,0,0,0,0,0,0
295.1175178323757,0,0,0,0,0,0,0,0,0
271.0016966705255,0,0,0,0,0,0,0,0,0
506.69224132079745,0,0,0,0,0,0,0,0,0
302.9198942829776,0,0,0,0,0,0,0,0,0
421.7868061927084,0,0,0,0,0,0,0,0,0
232.93566756103948,0,0,0,0,0,0,0,0,0
242.27887018898545,0,0,0,0,0,0,0,0,0
313.0760104945495,0,0,0,0,0,0,0,0,0
300.8224225788107,0,0,0,0,0,0,0,0,0
311.51672675014527,0,0,0,0,0,0,0,0,0
435.07536698730013,0,0,0,0,0,0,0,0,0
367.7067578921105,0,0,0,0,0,0,0,0,0
154.03948231077808,0,0,0,0,0,0,0,0,0
232.6409498862928,0,0,0,0,0,0,0,0,0
203.89210028321926,0,0,0,0,0,0,0,0,0
207.74694124841974,0,0,0,0,0,0,0,0,0
224.32182163505814,0,0,0,0,0,0,0,0,0
321.8979827992244,0,0,0,0,0,0,0,0,0
294.369677525176,0,0,0,0,0,0,0,0,0
498.16704711435864,0,0,0,0,0,0,0,0,0
405.37934439507114,0,0,0,0,0,0,0,0,0
229.8508254547962,0,0,0,0,0,0,0,0,0
261.1780400886735,0,0,0,0,0,0,0,0,0
360.79570474759026,0,0,0,0,0,0,0,0,0
347.3689426353395,0,0,0,0,0,0,0,0,0
418.59036105676915,0,0,0,0,0,0,0,0,0
478.0572937098192,0,0,0,0,0,0,0,0,0
171.50332249478006,0,0,0,0,0,0,0,0,0
484.2192670785577,0,0,0,0,0,0,0,0,0
402.1255153955705,0,0,0,0,0,0,0,0,0
386.8675015953317,0,0,0,0,0,0,0,0,0
712.6056703891854,0,0,0,0,0,0,0,0,0
223.25292378224316,0,0,0,0,0,0,0,0,0
422.7295311493286,0,0,0,0,0,0,0,0,0
512.5299723667737,0,0,0,0,0,0,0,0,0
355.7198049538826,0,0,0,0,0,0,0,0,0
381.2806348365285,0,0,0,0,0,0,0,0,0
140.09557994929858,0,0,0,0,0,0,0,0,0
355.9381437360029,0,0,0,0,0,0,0,0,0
417.76572161836344,0,0,0,0,0,0,0,0,0
401.54530522085463,0,0,0,0,0,0,0,0,0
109.74014749678027,0,0,0,0,0,0,0,0,0
501.02561052343447,0,0,0,0,0,0,0,0,0
417.39526338216945,0,0,0,0,0,0,0,0,0
211.74221522804353,0,0,0,0,0,0,0,0,0
603.9232353641133,0,0,0,0,0,0,0,0,0
113.6772899513596,0,0,0,0,0,0,0,0,0
718.0192498370396,0,0,0,0,0,0,0,0,0
466.37192700463504,0,0,0,0,0,0,0,0,0
181.8460619555414,0,0,0,0,0,0,0,0,0
120.95343203328422,0,0,0,0,0,0,0,0,0
188.50633659127928,0,0,0,0,0,0,0,0,0
366.56198096915847,0,0,0,0,0,0,0,0,0
204.74284424841537,0,0,0,0,0,0,0,0,0
481.1129497713116,0,0,0,0,0,0,0,0,0
236.64728851014743,0,0,0,0,0,0,0,0,0
295.0201005529563,0,0,0,0,0,0,0,0,0
234.75570210694158,0,0,0,0,0,0,0,0,0
417.5049326298598,0,0,0,0,0,0,0,0,0
286.13247147861,0,0,0,0,0,0,0,0,0
353.33414327719294,0,0,0,0,0,0,0,0,0
306.5805556437167,0,0,0,0,0,0,0,0,0
321.39309567992535,0,0,0,0,0,0,0,0,0
391.6103100354161,0,0,0,0,0,0,0,0,0
260.648674433818,0,0,0,0,0,0,0,0,0
423.77143665413206,0,0,0,0,0,0,0,0,0
399.98089059509385,0,0,0,0,0,0,0,0,0
372.2041366471369,0,0,0,0,0,0,0,0,0
232.0330852507861,0,0,0,0,0,0,0,0,0
348.6396119196541,0,0,0,0,0,0,0,0,0
539.0864410277042,0,0,0,0,0,0,0,0,0
202.75214201411924,0,0,0,0,0,0,0,0,0
383.2492543219047,0,0,0,0,0,0,0,0,0
520.9346813969842,0,0,0,0,0,0,0,0,0
715.6522108227599,0,0,0,0,0,0,0,0,0
283.07760924372167,0,0,0,0,0,0,0,0,0
227.1377419679912,0,0,0,0,0,0,0,0,0
167.3702741802825,0,0,0,0,0,0,0,0,0
365.34305552452105,0,0,0,0,0,0,0,0,0
173.06291046950807,0,0,0,0,0,0,0,0,0
417.312058763252,0,0,0,0,0,0,0,0,0
297.3734908365387,0,0,0,0,0,0,0,0,0
358.5446302405198,0,0,0,0,0,0,0,0,0
383.8469246625077,0,0,0,0,0,0,0,0,0
484.201996539922,0,0,0,0,0,0,0,0,0
190.46878905742452,0,0,0,0,0,0,0,0,0
547.1033039555801,0,0,0,0,0,0,0,0,0
170.86998554581197,0,0,0,0,0,0,0,0,0
385.3236583604051,0,0,0,0,0,0,0,0,0
383.5801327267638,0,0,0,0,0,0,0,0,0
544.8927433213124,0,0,0,0,0,0,0,0,0
571.5661629055691,0,0,0,0,0,0,0,0,0
334.0673416371249,0,0,0,0,0,0,0,0,0
242.66860875612699,0,0,0,0,0,0,0,0,0
245.50038795718575,0,0,0,0,0,0,0,0,0
231.387904393155,0,0,0,0,0,0,0,0,0
259.58204015039144,0,0,0,0,0,0,0,0,0
414.50626007014836,0,0,0,0,0,0,0,0,0
427.4598874511217,0,0,0,0,0,0,0,0,0
249.95901331317177,0,0,0,0,0,0,0,0,0
479.7502558948695,0,0,0,0,0,0,0,0,0
447.2041315635654,0,0,0,0,0,0,0,0,0
411.09094052342556,0,0,0,0,0,0,0,0,0
295.14578164739106,0,0,0,0,0,0,0,0,0
343.0186563497717,0,0,0,0,0,0,0,0,0
205.8824107397089,0,0,0,0,0,0,0,0,0
168.7597217851161,0,0,0,0,0,0,0,0,0
336.9527783432013,0,0,0,0,0,0,0,0,0
234.282292814737,0,0,0,0,0,0,0,0,0
439.91774387736655,0,0,0,0,0,0,0,0,0
278.20463993647894,0,0,0,0,0,0,0,0,0
700.9394815792072,0,0,0,0,0,0,0,0,0
275.6770418376558,0,0,0,0,0,0,0,0,0
358.34411105165424,0,0,0,0,0,0,0,0,0
93.9657962913684,0,0,0,0,0,0,0,0,0
266.13573330539253,0,0,0,0,0,0,0,0,0
294.3216421079674,0,0,0,0,0,0,0,0,0
466.94984596753756,0,0,0,0,0,0,0,0,0
399.5571030997765,0,0,0,0,0,0,0,0,0
353.73158738868915,0,0,0,0,0,0,0,0,0
644.9639644918899,0,0,0,0,0,0,0,0,0
560.1119832566241,0,0,0,0,0,0,0,0,0
378.3293118241269,0,0,0,0,0,0,0,0,0
501.5763923069061,0,0,0,0,0,0,0,0,0
592.470168106395,0,0,0,0,0,0,0,0,0
239.9724260403032,0,0,0,0,0,0,0,0,0
365.2435487533224,0,0,0,0,0,0,0,0,0
326.89262566801943,0,0,0,0,0,0,0,0,0
450.8915127066395,0,0,0,0,0,0,0,0,0
437.78065761702413,0,0,0,0,0,0,0,0,0
344.288122128077,0,0,0,0,0,0,0,0,0
185.97644360956923,0,0,0,0,0,0,0,0,0
409.1622465865413,0,0,0,0,0,0,0,0,0
276.20887283497325,0,0,0,0,0,0,0,0,0
452.63202972254055,0,0,0,0,0,0,0,0,0
209.12652760329422,0,0,0,0,0,0,0,0,0
575.3180465453231,0,0,0,0,0,0,0,0,0
424.8453095804383,0,0,0,0,0,0,0,0,0
250.4345700342463,0,0,0,0,0,0,0,0,0
261.7059879812184,0,0,0,0,0,0,0,0,0
497.5086207114959,0,0,0,0,0,0,0,0,0
692.1342410906839,0,0,0,0,0,0,0,0,0
163.02408859621397,0,0,0,0,0,0,0,0,0
529.9866913509309,0,0,0,0,0,0,0,0,0
446.9266490284688,0,0,0,0,0,0,0,0,0
147.17599605746213,0,0,0,0,0,0,0,0,0
237.70650872349805,0,0,0,0,0,0,0,0,0
567.958878091236,0,0,0,0,0,0,0,0,0
441.51198244681393,0,0,0,0,0,0,0,0,0
265.65488086767704,0,0,0,0,0,0,0,0,0
213.93442581145902,0,0,0,0,0,0,0,0,0
531.2168891992071,0,0,0,0,0,0,0,0,0
166.34207591146944,0,0,0,0,0,0,0,0,0
375.44575292847577,0,0,0,0,0,0,0,0,0
322.8291485757119,0,0,0,0,0,0,0,0,0
162.6879260731519,0,0,0,0,0,0,0,0,0
291.7423762365504,0,0,0,0,0,0,0,0,0
281.35357420592976,0,0,0,0,0,0,0,0,0
468.00830164572113,0,0,0,0,0,0,0,0,0
284.1302939587714,0,0,0,0,0,0,0,0,0
118.65104425435639,0,0,0,0,0,0,0,0,0
491.0121332520125,0,0,0,0,0,0,0,0,0
551.1280837109628,0,0,0,0,0,0,0,0,0
351.4872839525176,0,0,0,0,0,0,0,0,0
278.14472249582326,0,0,0,0,0,0,0,0,0
434.68936648219733,0,0,0,0,0,0,0,0,0
603.8709811238159,0,0,0,0,0,0,0,0,0
176.01744707841368,0,0,0,0,0,0,0,0,0
159.84080348522994,0,0,0,0,0,0,0,0,0
398.80824181029186,0,0,0,0,0,0,0,0,0
254.40491790504907,0,0,0,0,0,0,0,0,0
276.7937565192079,0,0,0,0,0,0,0,0,0
473.1821915066006,0,0,0,0,0,0,0,0,0
431.00498604816573,0,0,0,0,0,0,0,0,0
359.1221859285741,0,0,0,0,0,0,0,0,0
89.15934260969465,0,0,0,0,0,0,0,0,0
399.24372529164657,0,0,0,0,0,0,0,0,0
670.4848464347508,0,0,0,0,0,0,0,0,0
409.2659639212234,0,0,0,0,0,0,0,0,0
303.95491098223084,0,0,0,0,0,0,0,0,0
282.0564515814644,0,0,0,0,0,0,0,0,0
390.81451502182074,0,0,0,0,0,0,0,0,0
202.71314247812427,0,0,0,0,0,0,0,0,0
226.27839653068278,0,0,0,0,0,0,0,0,0
215.5440017737062,0,0,0,0,0,0,0,0,0
456.2406358335427,0,0,0,0,0,0,0,0,0
230.78539046884393,0,0,0,0,0,0,0,0,0
267.0446044822363,0,0,0,0,0,0,0,0,0
254.10994870636648,0,0,0,0,0,0,0,0,0
416.5471720298039,0,0,0,0,0,0,0,0,0
373.0155933865389,0,0,0,0,0,0,0,0,0
386.03321042205914,0,0,0,0,0,0,0,0,0
387.95188927475795,0,0,0,0,0,0,0,0,0
243.26213862460196,0,0,0,0,0,0,0,0,0
469.30919424470227,0,0,0,0,0,0,0,0,0
357.6549271706414,0,0,0,0,0,0,0,0,0
