cycle_time,spt_policy,fifo_policy,hrrn_policy,longest_queue_policy,shortest_queue_policy,least_flexible_resource_policy,most_flexible_resource_policy,least_flexible_activity_policy,most_flexible_activity_policy
72.8077493911154,0,0,0,0,0,0,0,0,0
64.12568012236623,0,0,0,0,0,0,0,0,0
64.46237161506428,0,0,0,0,0,0,0,0,0
84.0966623721108,0,0,0,0,0,0,0,0,0
66.21223546506089,0,0,0,0,0,0,0,0,0
68.43589710608768,0,0,0,0,0,0,0,0,0
73.63528160590218,0,0,0,0,0,0,0,0,0
65.2154203852862,0,0,0,0,0,0,0,0,0
68.6000482540657,0,0,0,0,0,0,0,0,0
65.04604467755341,0,0,0,0,0,0,0,0,0
70.19869125986703,0,0,0,0,0,0,0,0,0
81.23618444586334,0,0,0,0,0,0,0,0,0
67.15807108196827,0,0,0,0,0,0,0,0,0
78.28073379956646,0,0,0,0,0,0,0,0,0
65.08256431526938,0,0,0,0,0,0,0,0,0
64.97717673617103,0,0,0,0,0,0,0,0,0
81.67675705290087,0,0,0,0,0,0,0,0,0
62.28774728982212,0,0,0,0,0,0,0,0,0
76.64176041034048,0,0,0,0,0,0,0,0,0
71.41646663903421,0,0,0,0,0,0,0,0,0
78.85623854857712,0,0,0,0,0,0,0,0,0
63.1783772033473,0,0,0,0,0,0,0,0,0
71.9952884590783,0,0,0,0,0,0,0,0,0
63.734800889720816,0,0,0,0,0,0,0,0,0
74.19142219647043,0,0,0,0,0,0,0,0,0
64.70835257551121,0,0,0,0,0,0,0,0,0
83.22129362092994,0,0,0,0,0,0,0,0,0
74.77777782673263,0,0,0,0,0,0,0,0,0
57.59754976097172,0,0,0,0,0,0,0,0,0
71.67072805347568,0,0,0,0,0,0,0,0,0
64.82954310352831,0,0,0,0,0,0,0,0,0
68.22859076987821,0,0,0,0,0,0,0,0,0
65.72109881129693,0,0,0,0,0,0,0,0,0
71.88985517679994,0,0,0,0,0,0,0,0,0
58.95743264667701,0,0,0,0,0,0,0,0,0
69.51281861765027,0,0,0,0,0,0,0,0,0
78.99578343038829,0,0,0,0,0,0,0,0,0
70.91766193945563,0,0,0,0,0,0,0,0,0
70.14273280841117,0,0,0,0,0,0,0,0,0
60.299494549236414,0,0,0,0,0,0,0,0,0
65.29758303889896,0,0,0,0,0,0,0,0,0
76.82025710620292,0,0,0,0,0,0,0,0,0
59.78041288331484,0,0,0,0,0,0,0,0,0
73.73414731639417,0,0,0,0,0,0,0,0,0
59.94674399551513,0,0,0,0,0,0,0,0,0
71.1061664231933,0,0,0,0,0,0,0,0,0
70.78617631678236,0,0,0,0,0,0,0,0,0
73.38680557120591,0,0,0,0,0,0,0,0,0
57.65030871914488,0,0,0,0,0,0,0,0,0
77.01464769668982,0,0,0,0,0,0,0,0,0
67.17757129730927,0,0,0,0,0,0,0,0,0
64.6357184776898,0,0,0,0,0,0,0,0,0
61.898428536592284,0,0,0,0,0,0,0,0,0
67.45456397415015,0,0,0,0,0,0,0,0,0
67.24108510361924,0,0,0,0,0,0,0,0,0
68.85114732113736,0,0,0,0,0,0,0,0,0
72.48875783057476,0,0,0,0,0,0,0,0,0
65.48018809181289,0,0,0,0,0,0,0,0,0
68.84761826749258,0,0,0,0,0,0,0,0,0
70.29812090427076,0,0,0,0,0,0,0,0,0
83.45881802047064,0,0,0,0,0,0,0,0,0
65.82802737764756,0,0,0,0,0,0,0,0,0
71.98826558429647,0,0,0,0,0,0,0,0,0
69.10442441266748,0,0,0,0,0,0,0,0,0
69.91832190513382,0,0,0,0,0,0,0,0,0
74.36473730525907,0,0,0,0,0,0,0,0,0
69.99352318341508,0,0,0,0,0,0,0,0,0
65.18180773495584,0,0,0,0,0,0,0,0,0
63.49061584593107,0,0,0,0,0,0,0,0,0
70.60191643228801,0,0,0,0,0,0,0,0,0
57.94898175198619,0,0,0,0,0,0,0,0,0
61.09068829156724,0,0,0,0,0,0,0,0,0
73.86237626278428,0,0,0,0,0,0,0,0,0
72.6375258253702,0,0,0,0,0,0,0,0,0
71.08070418422857,0,0,0,0,0,0,0,0,0
71.99680918643068,0,0,0,0,0,0,0,0,0
62.521770187517326,0,0,0,0,0,0,0,0,0
83.6882411570268,0,0,0,0,0,0,0,0,0
72.26164296531852,0,0,0,0,0,0,0,0,0
69.63721551565321,0,0,0,0,0,0,0,0,0
74.37821424337862,0,0,0,0,0,0,0,0,0
69.49279138641097,0,0,0,0,0,0,0,0,0
65.46495642582207,0,0,0,0,0,0,0,0,0
68.67984147651548,0,0,0,0,0,0,0,0,0
73.04905664262053,0,0,0,0,0,0,0,0,0
66.69372215150354,0,0,0,0,0,0,0,0,0
74.049030698483,0,0,0,0,0,0,0,0,0
66.33311188357588,0,0,0,0,0,0,0,0,0
73.82538392654556,0,0,0,0,0,0,0,0,0
64.87215067646576,0,0,0,0,0,0,0,0,0
59.86027387896228,0,0,0,0,0,0,0,0,0
77.61034539921637,0,0,0,0,0,0,0,0,0
67.83953393979648,0,0,0,0,0,0,0,0,0
69.10663684703121,0,0,0,0,0,0,0,0,0
70.29861014643893,0,0,0,0,0,0,0,0,0
66.39787206514846,0,0,0,0,0,0,0,0,0
55.893312482788154,0,0,0,0,0,0,0,0,0
62.87380938299177,0,0,0,0,0,0,0,0,0
65.15349635076139,0,0,0,0,0,0,0,0,0
62.11312736576068,0,0,0,0,0,0,0,0,0
64.03115758251919,0,0,0,0,0,0,0,0,0
69.69263673167625,0,0,0,0,0,0,0,0,0
61.57573180892223,0,0,0,0,0,0,0,0,0
72.867712055629,0,0,0,0,0,0,0,0,0
73.88180741652441,0,0,0,0,0,0,0,0,0
60.73168386654933,0,0,0,0,0,0,0,0,0
68.45369562170214,0,0,0,0,0,0,0,0,0
67.63786391621318,0,0,0,0,0,0,0,0,0
64.76046989456663,0,0,0,0,0,0,0,0,0
81.23259063443972,0,0,0,0,0,0,0,0,0
74.95585470130536,0,0,0,0,0,0,0,0,0
73.89026420068447,0,0,0,0,0,0,0,0,0
63.325515605498644,0,0,0,0,0,0,0,0,0
73.81030850108849,0,0,0,0,0,0,0,0,0
69.62805826852936,0,0,0,0,0,0,0,0,0
70.13016370846208,0,0,0,0,0,0,0,0,0
73.52258107395662,0,0,0,0,0,0,0,0,0
74.56109396387504,0,0,0,0,0,0,0,0,0
61.20480869645569,0,0,0,0,0,0,0,0,0
66.03440563268742,0,0,0,0,0,0,0,0,0
71.0325343437528,0,0,0,0,0,0,0,0,0
70.42632225332666,0,0,0,0,0,0,0,0,0
60.394287983011544,0,0,0,0,0,0,0,0,0
75.20898790603025,0,0,0,0,0,0,0,0,0
76.574371503279,0,0,0,0,0,0,0,0,0
64.0196571459074,0,0,0,0,0,0,0,0,0
69.85705099743625,0,0,0,0,0,0,0,0,0
66.84984354602301,0,0,0,0,0,0,0,0,0
68.06741274464473,0,0,0,0,0,0,0,0,0
65.45090171549188,0,0,0,0,0,0,0,0,0
74.64816295948168,0,0,0,0,0,0,0,0,0
63.899802884461245,0,0,0,0,0,0,0,0,0
66.09888244646908,0,0,0,0,0,0,0,0,0
73.29304295099566,0,0,0,0,0,0,0,0,0
69.06937588692422,0,0,0,0,0,0,0,0,0
62.97597365146002,0,0,0,0,0,0,0,0,0
76.50571986198753,0,0,0,0,0,0,0,0,0
65.30244981281962,0,0,0,0,0,0,0,0,0
66.76429642852862,0,0,0,0,0,0,0,0,0
66.50888716309471,0,0,0,0,0,0,0,0,0
75.28674637833385,0,0,0,0,0,0,0,0,0
76.46302833418464,0,0,0,0,0,0,0,0,0
67.31763292653206,0,0,0,0,0,0,0,0,0
58.40128016141504,0,0,0,0,0,0,0,0,0
71.62209459995306,0,0,0,0,0,0,0,0,0
68.3945991982595,0,0,0,0,0,0,0,0,0
70.64884506037404,0,0,0,0,0,0,0,0,0
63.518608027299294,0,0,0,0,0,0,0,0,0
79.71765220974588,0,0,0,0,0,0,0,0,0
63.79473427795108,0,0,0,0,0,0,0,0,0
65.57831301602808,0,0,0,0,0,0,0,0,0
90.16678621965708,0,0,0,0,0,0,0,0,0
61.590819234048496,0,0,0,0,0,0,0,0,0
68.5449461215643,0,0,0,0,0,0,0,0,0
70.98588442123373,0,0,0,0,0,0,0,0,0
65.75543795880895,0,0,0,0,0,0,0,0,0
76.97202063971626,0,0,0,0,0,0,0,0,0
71.61419530871889,0,0,0,0,0,0,0,0,0
71.32837877188244,0,0,0,0,0,0,0,0,0
76.18954399745343,0,0,0,0,0,0,0,0,0
65.61675387083737,0,0,0,0,0,0,0,0,0
69.33907319912282,0,0,0,0,0,0,0,0,0
60.23729675638047,0,0,0,0,0,0,0,0,0
65.88112411428892,0,0,0,0,0,0,0,0,0
70.01294237811659,0,0,0,0,0,0,0,0,0
57.72519961228966,0,0,0,0,0,0,0,0,0
67.63148587735972,0,0,0,0,0,0,0,0,0
67.6318240031847,0,0,0,0,0,0,0,0,0
64.30708597129038,0,0,0,0,0,0,0,0,0
77.75607406136187,0,0,0,0,0,0,0,0,0
60.88122572374891,0,0,0,0,0,0,0,0,0
63.53433852700237,0,0,0,0,0,0,0,0,0
69.18519671573598,0,0,0,0,0,0,0,0,0
65.81483339220136,0,0,0,0,0,0,0,0,0
73.22841179770697,0,0,0,0,0,0,0,0,0
67.80534636352445,0,0,0,0,0,0,0,0,0
69.9837343467146,0,0,0,0,0,0,0,0,0
66.7011447610588,0,0,0,0,0,0,0,0,0
73.24921903931532,0,0,0,0,0,0,0,0,0
70.5570466835289,0,0,0,0,0,0,0,0,0
75.17429440189497,0,0,0,0,0,0,0,0,0
61.93633746326338,0,0,0,0,0,0,0,0,0
77.12774887979845,0,0,0,0,0,0,0,0,0
66.70299612499646,0,0,0,0,0,0,0,0,0
62.507936777030665,0,0,0,0,0,0,0,0,0
70.45301727132185,0,0,0,0,0,0,0,0,0
65.65646061722627,0,0,0,0,0,0,0,0,0
64.75759131147207,0,0,0,0,0,0,0,0,0
70.65143744264695,0,0,0,0,0,0,0,0,0
66.01528010805039,0,0,0,0,0,0,0,0,0
81.5575880360763,0,0,0,0,0,0,0,0,0
72.18075932709452,0,0,0,0,0,0,0,0,0
65.31990636051864,0,0,0,0,0,0,0,0,0
72.98941777133541,0,0,0,0,0,0,0,0,0
67.42151717436944,0,0,0,0,0,0,0,0,0
65.40693659718413,0,0,0,0,0,0,0,0,0
64.57294627372167,0,0,0,0,0,0,0,0,0
76.07260895529498,0,0,0,0,0,0,0,0,0
70.44493792567577,0,0,0,0,0,0,0,0,0
67.55884568278138,0,0,0,0,0,0,0,0,0
66.62823931815397,0,0,0,0,0,0,0,0,0
71.32806433511212,0,0,0,0,0,0,0,0,0
68.71254912586667,0,0,0,0,0,0,0,0,0
62.69103803301977,0,0,0,0,0,0,0,0,0
74.22624411921028,0,0,0,0,0,0,0,0,0
64.70561040106831,0,0,0,0,0,0,0,0,0
74.29156493022315,0,0,0,0,0,0,0,0,0
66.70486756841325,0,0,0,0,0,0,0,0,0
74.7408979725262,0,0,0,0,0,0,0,0,0
79.5779603572168,0,0,0,0,0,0,0,0,0
64.15654953212103,0,0,0,0,0,0,0,0,0
64.62074493137922,0,0,0,0,0,0,0,0,0
70.4891681656195,0,0,0,0,0,0,0,0,0
69.46250646081505,0,0,0,0,0,0,0,0,0
68.31077728779765,0,0,0,0,0,0,0,0,0
73.92614870950004,0,0,0,0,0,0,0,0,0
79.64887437487425,0,0,0,0,0,0,0,0,0
63.425435007664284,0,0,0,0,0,0,0,0,0
69.64334784425193,0,0,0,0,0,0,0,0,0
62.95336910541883,0,0,0,0,0,0,0,0,0
67.90202907189716,0,0,0,0,0,0,0,0,0
59.75651980306774,0,0,0,0,0,0,0,0,0
75.05803690436831,0,0,0,0,0,0,0,0,0
66.42868891746541,0,0,0,0,0,0,0,0,0
59.83337376147877,0,0,0,0,0,0,0,0,0
79.14440588286391,0,0,0,0,0,0,0,0,0
60.85047062050088,0,0,0,0,0,0,0,0,0
76.4660487582849,0,0,0,0,0,0,0,0,0
76.09954728973376,0,0,0,0,0,0,0,0,0
75.2933721966756,0,0,0,0,0,0,0,0,0
68.4969672365258,0,0,0,0,0,0,0,0,0
64.93350769119883,0,0,0,0,0,0,0,0,0
61.89648820118885,0,0,0,0,0,0,0,0,0
64.87210647414497,0,0,0,0,0,0,0,0,0
73.7456083995842,0,0,0,0,0,0,0,0,0
67.35382686690771,0,0,0,0,0,0,0,0,0
65.80692351635047,0,0,0,0,0,0,0,0,0
71.04657249001713,0,0,0,0,0,0,0,0,0
61.90139544249107,0,0,0,0,0,0,0,0,0
63.12656692757311,0,0,0,0,0,0,0,0,0
70.95944135931835,0,0,0,0,0,0,0,0,0
59.81655346864753,0,0,0,0,0,0,0,0,0
58.55016154607533,0,0,0,0,0,0,0,0,0
66.00519458405883,0,0,0,0,0,0,0,0,0
66.86570701893055,0,0,0,0,0,0,0,0,0
58.416705457898,0,0,0,0,0,0,0,0,0
61.43536479817771,0,0,0,0,0,0,0,0,0
61.059072272280766,0,0,0,0,0,0,0,0,0
69.56956813916412,0,0,0,0,0,0,0,0,0
76.21631184365069,0,0,0,0,0,0,0,0,0
75.79638178069185,0,0,0,0,0,0,0,0,0
69.19591765054741,0,0,0,0,0,0,0,0,0
67.02733838708589,0,0,0,0,0,0,0,0,0
70.08911107529661,0,0,0,0,0,0,0,0,0
71.22683443031062,0,0,0,0,0,0,0,0,0
64.7820522170886,0,0,0,0,0,0,0,0,0
66.14782718450685,0,0,0,0,0,0,0,0,0
67.06756108135762,0,0,0,0,0,0,0,0,0
62.91664802458159,0,0,0,0,0,0,0,0,0
71.8628490858952,0,0,0,0,0,0,0,0,0
68.17969404144505,0,0,0,0,0,0,0,0,0
72.10839260866847,0,0,0,0,0,0,0,0,0
65.6992216917326,0,0,0,0,0,0,0,0,0
66.33433675951731,0,0,0,0,0,0,0,0,0
70.293714639751,0,0,0,0,0,0,0,0,0
71.549834992563,0,0,0,0,0,0,0,0,0
70.55785634839411,0,0,0,0,0,0,0,0,0
66.97746333567561,0,0,0,0,0,0,0,0,0
63.274883580925156,0,0,0,0,0,0,0,0,0
71.20087737343957,0,0,0,0,0,0,0,0,0
72.57521246827478,0,0,0,0,0,0,0,0,0
61.90921193132268,0,0,0,0,0,0,0,0,0
67.10415955752714,0,0,0,0,0,0,0,0,0
78.86132737756037,0,0,0,0,0,0,0,0,0
73.60021334186047,0,0,0,0,0,0,0,0,0
70.75586354654689,0,0,0,0,0,0,0,0,0
66.57103331108956,0,0,0,0,0,0,0,0,0
76.1568815345538,0,0,0,0,0,0,0,0,0
70.95252134522497,0,0,0,0,0,0,0,0,0
63.17001873441978,0,0,0,0,0,0,0,0,0
69.07285784366886,0,0,0,0,0,0,0,0,0
68.68465132280573,0,0,0,0,0,0,0,0,0
64.76666920820637,0,0,0,0,0,0,0,0,0
71.87171464321816,0,0,0,0,0,0,0,0,0
68.8596669383021,0,0,0,0,0,0,0,0,0
71.12210500283123,0,0,0,0,0,0,0,0,0
81.78063837948507,0,0,0,0,0,0,0,0,0
71.03757022599687,0,0,0,0,0,0,0,0,0
73.06784244667953,0,0,0,0,0,0,0,0,0
60.05475370084787,0,0,0,0,0,0,0,0,0
70.71513625543206,0,0,0,0,0,0,0,0,0
69.00335055872043,0,0,0,0,0,0,0,0,0
64.7913855477212,0,0,0,0,0,0,0,0,0
61.25937299971793,0,0,0,0,0,0,0,0,0
70.50728029408695,0,0,0,0,0,0,0,0,0
70.31526409658602,0,0,0,0,0,0,0,0,0
80.91459314928521,0,0,0,0,0,0,0,0,0
72.01745717053933,0,0,0,0,0,0,0,0,0
71.41635762018382,0,0,0,0,0,0,0,0,0
73.96359398095805,0,0,0,0,0,0,0,0,0
