cycle_time,spt_policy,fifo_policy,hrrn_policy,longest_queue_policy,shortest_queue_policy
78.11422296729906,3447,3020,2600,2919,1074
67.93668449815249,3431,3418,2437,3015,908
65.812164151143,3380,3250,2584,2875,936
61.48705782998226,3277,3040,2403,3171,1056
68.21374079663259,3435,3526,2400,2718,928
66.13624007634613,3671,3331,2348,2850,1000
67.70439212027084,3216,3311,2663,2787,1070
68.22221854872672,3644,3103,2439,2901,1011
67.86074323937056,3821,3143,2617,2475,1014
71.02900409753235,3238,3387,2468,2823,1126
67.75140915347838,3566,3536,2403,2538,976
58.64323105380238,3141,3402,2342,2993,1076
74.73919900325646,3778,3422,2405,2587,866
64.28039955408508,3407,3072,2603,2815,1000
60.77239571414722,3178,3758,2482,2634,1089
64.94057464299733,3456,3134,2429,2877,1107
68.21821321503529,3487,3205,2606,2722,1072
63.32157762084327,3288,3264,2541,3016,919
56.14414780839977,3056,3561,2681,2628,969
68.37779594767376,3771,3094,2342,2738,975
65.06153642225983,3502,3598,2298,2719,1057
72.12053354837509,3487,3274,2493,2740,1032
64.67135808290091,3522,3137,2384,2762,1074
54.65374466989037,3219,3440,2352,2727,1108
62.80439920792935,3324,3605,2228,2911,1051
62.608201381367465,3265,3590,2510,2514,1017
68.92355319175856,3296,3051,2887,2758,987
67.45896961795721,3470,3255,2652,2735,1034
69.37910772423109,3353,3302,2778,2666,953
57.62828736141927,3266,3382,2490,2714,1090
61.04964795160897,3031,3276,2553,2901,1160
69.04945862235708,3595,3248,2626,2581,1003
70.67463928094932,3333,3354,2413,2890,997
75.7799782997932,3848,3321,2520,2610,929
69.3806644322893,3439,3190,2576,2863,968
58.84826350363756,3151,3637,2641,2722,1089
77.94527816161116,3794,3141,2816,2516,789
69.51029330987356,3613,3124,2675,2681,1043
70.51503211217555,3784,3136,2796,2558,890
53.608838013253525,3203,3633,2226,2902,1105
56.200655099891954,3254,3612,2240,2840,1067
54.73171879622496,3076,3314,2489,2849,1178
68.61826503161458,3459,3447,2364,2866,946
60.7263030643472,3080,3413,2455,2866,1106
68.09431517751837,3616,3118,2570,2740,995
58.77325061630218,3301,3332,2354,2920,1065
57.65681316072207,3197,3028,2543,3179,1039
62.242576832951,3415,3155,2653,2761,1087
58.088415910329225,3463,3437,2402,2558,1103
58.980914762751596,3396,3234,2503,2881,958
63.75502211884492,3533,3210,2396,2837,1023
64.7394737869711,3229,3328,2555,2712,1093
66.3633615187313,3831,3122,2625,2455,1039
66.71468549769929,3359,3202,2448,2838,1044
57.92911846852116,3257,3303,2465,2697,1110
57.45628541705727,3341,3435,2520,2640,942
60.728105645646274,3360,3403,2326,2844,1057
66.42956122742125,3343,3249,2727,2677,938
66.20912473684366,3286,3339,2479,3088,992
61.48935051448937,3301,3385,2591,2716,951
70.41516726729415,3332,3440,2346,2954,914
58.53829625011146,2957,3295,2520,3027,1203
55.38742914564315,3127,3343,2499,3035,899
66.60207337673869,3200,3356,2707,2738,1020
65.12542940654531,3701,3354,2356,2544,1017
62.562101628754625,3454,3238,2417,2975,906
63.29404473781531,3354,3242,2561,3024,1088
61.492372395825825,3630,3365,2170,3037,939
64.03762102146722,3489,3403,2412,2772,968
75.01171632836197,3406,3308,2499,2975,988
60.88050991107909,3444,3323,2671,2538,1143
59.54967976993858,3286,3547,2405,2921,1010
68.27820227289071,3846,2995,2355,2799,1004
68.30750981839518,3249,3180,2617,2864,1068
67.18065557316515,3427,3365,2634,2718,846
65.51295495708239,3533,3199,2542,2844,991
62.57054025554926,3368,3398,2432,2834,885
60.546079834918594,3081,3562,2476,2902,1055
55.31004123040238,3061,3638,2371,2719,1210
63.31380898675781,3412,3746,2509,2549,860
62.209608184953666,3299,3620,2274,2828,963
61.771136909638756,3070,3501,2370,3006,1093
61.557253822581316,3250,3316,2413,2988,920
65.9907333082951,3454,3397,2617,2656,861
68.33588594025562,3672,3363,2492,2682,1012
65.44564751768114,3405,3362,2188,2857,1115
62.33099274782571,3137,3318,2238,2988,1113
60.04376106063209,3461,3558,2285,2825,919
60.900923197744845,3308,3489,2395,2725,1103
75.79705688155214,3697,2918,2846,2611,916
57.783309605404234,3221,3470,2207,2942,1087
57.30908139027532,3053,3137,2641,2991,1154
70.16163488519894,3540,3432,2480,2679,984
64.28074118783427,3371,3277,2526,2901,967
73.9833540790489,3711,3327,2535,2593,907
68.94170040701296,3349,3403,2480,2927,991
63.54067485780795,3331,3367,2447,2787,1151
58.26935452879551,3173,3147,2617,2946,1146
53.497094508861345,3212,3260,2631,2920,969
66.84678445369126,3262,3346,2612,2693,1137
52.80011779605364,3088,3230,2560,2891,1060
72.79573843175062,3298,3256,2509,2893,1033
65.07497457193332,3233,3216,2450,2914,1114
73.28785969417879,3804,3169,2377,2804,954
54.07105013275215,2830,3328,2610,3099,956
67.48509840901556,3554,3184,2564,2727,939
70.04686341861098,3530,3219,2708,2590,947
58.76632441328658,3274,3403,2196,3090,1129
56.31510856836299,3188,3458,2335,2755,1232
63.57272273235023,3183,3463,2455,2790,913
64.26289557400757,3356,3537,2390,2595,1047
71.43323934979203,3651,3158,2515,2827,937
59.85618529295598,3182,3608,2513,2719,985
67.34674188201608,3666,3189,2420,2713,1024
66.55478602753398,3429,3468,2619,2770,973
69.67473244961462,3599,3293,2580,2841,858
57.57589863420515,3321,3712,2207,2604,1258
66.12127072016202,3340,3475,2503,2864,1025
74.70385786919199,3823,3386,2252,2764,922
65.74616335359842,3392,3307,2460,2881,1024
68.73473612566896,3706,3196,2671,2436,929
69.73674135982837,3679,3191,2592,2686,1002
62.313999878072856,3438,3096,2616,2828,971
60.2560720663272,3470,3479,2421,2630,970
69.64267341926896,3358,3216,2656,2700,1078
63.72985724716344,3336,3514,2585,2817,953
55.8350054521668,3294,3718,2248,2631,1187
74.73907175375422,3652,3346,2553,2682,863
63.633362794950045,3495,3370,2320,2831,901
63.493755821357524,3395,3379,2616,2801,924
75.6992846902057,3826,3141,2480,2881,898
57.305894295289136,3286,3245,2445,2989,998
65.37285518325726,3308,3259,2636,2943,917
75.17829657156472,3454,3342,2817,2679,918
63.95184464932055,3270,3317,2488,2790,1118
63.90619121102707,3481,3117,2381,2910,1044
70.9267995686083,3169,3310,2729,2836,958
66.03214433480883,3099,3559,2335,2830,1115
63.44468531917053,3431,3101,2363,3181,952
65.27232760256628,3313,3376,2634,2634,984
70.29053007802305,3663,3055,2599,2706,915
71.2597977041011,3756,3112,2568,2611,1091
63.363786164756675,3432,3509,2576,2637,954
65.35003431597328,3358,3095,2649,2732,931
70.6884805768478,3435,3222,2627,2909,915
57.206413191860655,3207,3529,2407,2754,1073
74.43596349500146,3823,3070,2604,2830,901
64.81829066018841,3516,3281,2392,2867,896
53.45119620815847,2817,3378,2635,3032,1108
80.09495241636472,3872,3026,2764,2575,791
66.14020522175007,3170,3311,2599,2933,913
64.48851369057255,3528,3440,2478,2671,966
54.46957021787395,3244,3122,2303,3197,1140
57.3703294400465,3316,3519,2295,2714,1122
70.37878223079011,3546,3033,2575,2790,1031
62.64672481095549,3642,3386,2297,2793,907
75.8670866778779,3745,3146,2683,2546,951
65.720569789938,3336,3387,2431,2729,1039
58.234086855587165,3113,3504,2508,2728,1141
65.90003941435366,3614,3571,2366,2701,1042
59.39507674475061,3372,3183,2494,2728,952
61.235387701773675,3365,3371,2389,2967,989
61.08200901680065,3452,3354,2343,2778,979
60.555101939831374,3215,3442,2655,2811,1098
62.86420541823362,3483,3314,2273,2938,1011
58.62821377597081,3444,3429,2408,2810,964
62.06099555255856,3359,3287,2471,2745,1066
58.397118217940466,3095,3584,2299,2809,1107
67.28205880692799,3579,3284,2599,2903,877
69.08705538478615,3558,3009,2607,2812,953
69.71158030077495,3608,3547,2258,2975,980
69.62977210340705,3731,3253,2460,2531,956
61.90196032007673,3322,3329,2547,2760,1121
55.97932169159072,3142,3472,2298,2763,1059
63.99063866065125,3782,3487,2420,2715,1028
68.22733028436775,3385,3211,2655,2734,1050
68.6483836038019,3690,2956,2649,2898,857
60.68669547327798,3469,3219,2289,2889,1131
62.121449033926474,3373,3784,2397,2739,976
74.59276534294247,3075,3355,2514,3068,1004
58.61434459385804,3283,3219,2360,2959,1040
61.05894144359184,3013,3333,2553,3008,1151
65.31443796813285,3190,3619,2368,2960,1028
72.5158935644752,3468,3231,2537,2750,1083
63.766986166810895,3514,3729,2249,2557,1027
54.888631304297,3036,3307,2496,2957,1190
63.13936631855156,3387,3506,2319,2683,1075
67.33644110588696,3357,3176,2330,3233,832
55.00440346920811,3122,3407,2421,2820,1106
63.34928264527216,3723,3309,2516,2559,983
61.03079233250445,3262,3552,2378,2832,973
61.02185582863394,3443,3223,2528,2753,1168
64.28730606495162,3381,3191,2355,3009,1086
60.97253087024402,3658,3182,2389,2828,1005
76.58740916173274,3605,3220,2760,2658,783
59.75047564094182,3422,3381,2208,2851,1084
73.0319778204171,3500,3359,2798,2306,1058
76.9184638032425,3653,3214,2572,2691,908
56.273398006579875,3003,3354,2408,3118,1039
64.19441003724926,3560,3304,2345,3041,935
65.1015288202188,3586,3016,2297,3004,1190
66.90744576134833,3946,3075,2433,2799,866
66.18707137613299,3560,3480,2369,2602,906
62.76521011847033,3418,3267,2393,2899,1118
70.88657499797802,3425,3293,2370,2826,949
70.008380622851,3519,3213,2554,2802,965
57.89261260912309,3141,3340,2389,3007,1081
74.80202618175959,3565,3039,2705,2761,944
81.75794628224283,3720,3190,2795,2455,825
61.372993470862575,3255,3281,2411,2872,1105
60.286283690083074,3427,3386,2569,2618,1039
75.31698833552572,3775,3329,2474,2583,1043
60.87278123735169,3402,3382,2413,2701,1088
71.01027538590135,3619,3354,2510,2582,909
69.92364195811044,3586,3128,2574,2651,1205
59.60541716895485,3362,3335,2266,2762,1072
63.10014010557728,3233,3212,2588,3145,945
57.676819308460594,3240,3271,2346,3269,1007
69.2057984425897,3502,3554,2370,2714,1006
63.991658417108326,3339,3083,2506,2931,1057
61.95414237190764,3223,3175,2477,2949,1176
75.14828247394453,3638,3153,2489,2582,1074
68.69936093020382,3390,3390,2836,2743,906
53.36110316852975,3172,3440,2301,2997,1072
74.2087402902744,3649,3347,2345,3062,703
64.79840916350992,3524,3267,2660,2778,915
72.79048898283163,3607,3221,2645,2818,794
65.99064607967196,3408,3505,2543,2641,1087
69.7197322183342,3518,3223,2602,2877,989
58.60781607957081,3530,3371,2284,2705,1098
59.50271748378164,3394,3559,2436,2468,1117
60.776794676864704,3234,3254,2571,2941,1051
85.02455644798837,4039,3122,2368,2585,840
66.82136910026426,3611,3157,2367,2942,1067
60.88409254502929,3417,3533,2387,2656,966
68.53734544322442,3530,3543,2442,2810,977
56.76614369436405,3210,3447,2485,2930,1048
54.52751499079166,3321,3060,2421,2954,1176
74.39395869008597,3606,3121,2749,2601,1019
63.940537056143874,3111,3306,2654,2913,1014
78.58460534373523,3755,3008,2731,2723,867
56.51041812031793,3202,3466,2330,2924,1079
81.07474817549931,3666,3154,2469,2897,862
93.54395059293445,3767,2995,2929,2697,811
69.23659112130925,3283,3388,2341,2923,960
67.02209250546082,3683,3260,2499,2869,892
58.40624301848495,3422,3163,2471,2809,1231
67.54777374276021,3228,3403,2515,2713,1133
59.99153928430915,3454,3383,2318,2638,1095
67.39239289067416,3582,3280,2335,2789,976
52.705844629618674,2987,3233,2342,3174,1227
64.08835642415819,3463,3542,2326,2838,1064
63.249571569695036,3282,3737,2395,2615,972
55.16258707781105,3157,3406,2422,2861,1258
66.21907219722735,3453,3205,2555,2765,1095
73.34624731207171,3480,3118,2715,2701,934
64.50557948917532,3385,3611,2416,2610,1055
62.76606907890248,3280,3391,2791,2659,999
59.26793126497364,3293,3482,2326,2813,1118
65.33407146298838,3438,3341,2363,2751,854
53.978276733784575,2972,3599,2387,2915,1065
66.38833586017927,3208,3422,2709,2529,1008
58.691925196222684,3175,3446,2503,2844,942
64.09093984891905,3273,3502,2406,2703,884
58.24436509932565,3330,3420,2341,2830,1045
61.451992094500284,3370,3472,2298,2597,1068
58.12914993457815,3215,3067,2445,3021,1161
68.31489178297734,3448,3380,2505,2693,943
58.63860313926571,3408,3355,2160,2852,1090
80.71862331558226,3824,3118,2860,2570,809
65.08525388172805,3209,3336,2464,2880,1101
66.29253909911655,3648,3166,2547,2622,1059
61.97932217020279,3115,3325,2365,3078,1142
76.40339490922784,3517,3213,2668,2608,946
66.29429213748712,3363,3154,2644,2708,994
66.35825410567178,3708,3106,2238,2841,1057
64.86806202452918,3458,3207,2523,2886,910
64.79897462307967,3618,3334,2389,2677,1053
56.66522008221187,3206,3654,2385,2799,1020
64.18410818461865,3408,3442,2780,2570,956
55.97459632775012,3213,3309,2486,2834,1069
63.139410158557574,3480,3393,2273,3011,888
60.38097376796326,3585,3275,2298,2769,946
71.5776864486282,3217,2956,2950,2890,1026
64.86095629510402,3472,3272,2580,2784,1037
61.062792299857364,3337,3427,2451,2845,986
61.977334745071595,3630,3376,2500,2657,944
62.858109518275874,3477,3296,2412,2810,1076
73.41522096422953,3457,3272,2521,2892,1027
70.78492943663049,3369,3170,2739,2784,941
61.03789259896248,3267,3235,2221,3135,1137
78.45674379103166,3618,3265,2514,2666,854
52.28616702965406,3117,3506,2383,2748,1178
85.6619453379835,3807,3079,2902,2601,810
62.94451886919237,3349,3136,2557,3006,1050
66.99563813977053,3550,3335,2462,2714,887
68.87583528348102,3712,3471,2306,2743,846
65.15798983827169,3399,3146,2668,2963,921
62.13476388646777,3434,3654,2615,2556,974
64.8255745468544,3371,3323,2496,2887,1048
