cycle_time,spt_policy,fifo_policy,hrrn_policy,longest_queue_policy,shortest_queue_policy,least_flexible_resource_policy,most_flexible_resource_policy,least_flexible_activity_policy,most_flexible_activity_policy
98.95922862663788,0,0,0,0,0,0,0,0,0
133.8816108821939,0,0,0,0,0,0,0,0,0
193.56577666361827,0,0,0,0,0,0,0,0,0
154.23115489130927,0,0,0,0,0,0,0,0,0
163.12606872768924,0,0,0,0,0,0,0,0,0
140.6556685607992,0,0,0,0,0,0,0,0,0
191.95378089493482,0,0,0,0,0,0,0,0,0
133.92567688263483,0,0,0,0,0,0,0,0,0
168.53149993288508,0,0,0,0,0,0,0,0,0
111.77585445405722,0,0,0,0,0,0,0,0,0
164.14428340278874,0,0,0,0,0,0,0,0,0
164.63577411251882,0,0,0,0,0,0,0,0,0
124.60911787624946,0,0,0,0,0,0,0,0,0
258.35475206434694,0,0,0,0,0,0,0,0,0
172.94686764908823,0,0,0,0,0,0,0,0,0
169.05469935919837,0,0,0,0,0,0,0,0,0
196.01976044112052,0,0,0,0,0,0,0,0,0
168.10526751951474,0,0,0,0,0,0,0,0,0
182.06973266165616,0,0,0,0,0,0,0,0,0
104.34690017590783,0,0,0,0,0,0,0,0,0
152.54620343606587,0,0,0,0,0,0,0,0,0
269.56323550136,0,0,0,0,0,0,0,0,0
130.32420729955248,0,0,0,0,0,0,0,0,0
93.1136146079773,0,0,0,0,0,0,0,0,0
139.81117083487746,0,0,0,0,0,0,0,0,0
112.61954371934678,0,0,0,0,0,0,0,0,0
171.59277686523282,0,0,0,0,0,0,0,0,0
118.27543091527647,0,0,0,0,0,0,0,0,0
142.26752664399828,0,0,0,0,0,0,0,0,0
80.67302761219595,0,0,0,0,0,0,0,0,0
139.27228514583345,0,0,0,0,0,0,0,0,0
208.71115299623037,0,0,0,0,0,0,0,0,0
106.2648632355502,0,0,0,0,0,0,0,0,0
199.1739959762418,0,0,0,0,0,0,0,0,0
230.91123797839154,0,0,0,0,0,0,0,0,0
141.786826834409,0,0,0,0,0,0,0,0,0
227.93410191020527,0,0,0,0,0,0,0,0,0
139.01960933204012,0,0,0,0,0,0,0,0,0
158.14052629511065,0,0,0,0,0,0,0,0,0
451.24645951634136,0,0,0,0,0,0,0,0,0
264.2921748349127,0,0,0,0,0,0,0,0,0
86.39704546978277,0,0,0,0,0,0,0,0,0
158.721993681965,0,0,0,0,0,0,0,0,0
156.50584772872998,0,0,0,0,0,0,0,0,0
204.5276228842284,0,0,0,0,0,0,0,0,0
293.4825165844632,0,0,0,0,0,0,0,0,0
193.14735890041067,0,0,0,0,0,0,0,0,0
125.77450027463031,0,0,0,0,0,0,0,0,0
143.36047592349613,0,0,0,0,0,0,0,0,0
148.5433627043529,0,0,0,0,0,0,0,0,0
155.83632035308227,0,0,0,0,0,0,0,0,0
102.05236117431991,0,0,0,0,0,0,0,0,0
361.75798511358124,0,0,0,0,0,0,0,0,0
159.4504443551112,0,0,0,0,0,0,0,0,0
111.54776002241121,0,0,0,0,0,0,0,0,0
137.92156596544723,0,0,0,0,0,0,0,0,0
205.46485313498272,0,0,0,0,0,0,0,0,0
234.7134731853294,0,0,0,0,0,0,0,0,0
284.37164157275697,0,0,0,0,0,0,0,0,0
281.73641562146787,0,0,0,0,0,0,0,0,0
168.06171414849206,0,0,0,0,0,0,0,0,0
155.81090577350824,0,0,0,0,0,0,0,0,0
119.52921636125015,0,0,0,0,0,0,0,0,0
108.86050462538779,0,0,0,0,0,0,0,0,0
266.0401440631336,0,0,0,0,0,0,0,0,0
290.2824804221087,0,0,0,0,0,0,0,0,0
109.4417768453325,0,0,0,0,0,0,0,0,0
138.5692657027556,0,0,0,0,0,0,0,0,0
128.54280190546365,0,0,0,0,0,0,0,0,0
188.28332160590728,0,0,0,0,0,0,0,0,0
154.33378037652182,0,0,0,0,0,0,0,0,0
95.87850234717156,0,0,0,0,0,0,0,0,0
110.07346516611553,0,0,0,0,0,0,0,0,0
286.59981929104066,0,0,0,0,0,0,0,0,0
114.33629556343406,0,0,0,0,0,0,0,0,0
307.4788789318458,0,0,0,0,0,0,0,0,0
151.00844813895324,0,0,0,0,0,0,0,0,0
176.70877168835344,0,0,0,0,0,0,0,0,0
209.36168119510705,0,0,0,0,0,0,0,0,0
110.26047200949016,0,0,0,0,0,0,0,0,0
108.97550608653614,0,0,0,0,0,0,0,0,0
146.1677855397074,0,0,0,0,0,0,0,0,0
176.25306412069352,0,0,0,0,0,0,0,0,0
148.54155611513968,0,0,0,0,0,0,0,0,0
141.77561496236586,0,0,0,0,0,0,0,0,0
101.36235342919738,0,0,0,0,0,0,0,0,0
129.07676050333856,0,0,0,0,0,0,0,0,0
334.51169991865754,0,0,0,0,0,0,0,0,0
177.71656924391772,0,0,0,0,0,0,0,0,0
173.50587049985901,0,0,0,0,0,0,0,0,0
178.68315055186054,0,0,0,0,0,0,0,0,0
103.3389967200054,0,0,0,0,0,0,0,0,0
147.5563714224998,0,0,0,0,0,0,0,0,0
272.6645924890782,0,0,0,0,0,0,0,0,0
114.37630717911455,0,0,0,0,0,0,0,0,0
317.854374912686,0,0,0,0,0,0,0,0,0
110.521477989052,0,0,0,0,0,0,0,0,0
112.56381585223637,0,0,0,0,0,0,0,0,0
110.61847836031201,0,0,0,0,0,0,0,0,0
223.30941194196507,0,0,0,0,0,0,0,0,0
180.50162663079914,0,0,0,0,0,0,0,0,0
99.86653027454311,0,0,0,0,0,0,0,0,0
168.03946417833416,0,0,0,0,0,0,0,0,0
225.80400717471713,0,0,0,0,0,0,0,0,0
264.4666540970717,0,0,0,0,0,0,0,0,0
119.71676953481543,0,0,0,0,0,0,0,0,0
170.7197850835047,0,0,0,0,0,0,0,0,0
129.790412859776,0,0,0,0,0,0,0,0,0
97.3750122492907,0,0,0,0,0,0,0,0,0
406.19351066235083,0,0,0,0,0,0,0,0,0
138.5037095859617,0,0,0,0,0,0,0,0,0
179.05355288887952,0,0,0,0,0,0,0,0,0
145.45545613997362,0,0,0,0,0,0,0,0,0
218.39355234904318,0,0,0,0,0,0,0,0,0
159.69635403741836,0,0,0,0,0,0,0,0,0
114.21041885264667,0,0,0,0,0,0,0,0,0
130.2333391990084,0,0,0,0,0,0,0,0,0
150.9931922870926,0,0,0,0,0,0,0,0,0
153.54420387577022,0,0,0,0,0,0,0,0,0
167.26496821346961,0,0,0,0,0,0,0,0,0
134.3292228583545,0,0,0,0,0,0,0,0,0
242.82811304646646,0,0,0,0,0,0,0,0,0
182.69419949273276,0,0,0,0,0,0,0,0,0
191.4625151776409,0,0,0,0,0,0,0,0,0
127.05238593663384,0,0,0,0,0,0,0,0,0
164.83182144525745,0,0,0,0,0,0,0,0,0
382.45897519433015,0,0,0,0,0,0,0,0,0
338.149144058813,0,0,0,0,0,0,0,0,0
263.65935203417956,0,0,0,0,0,0,0,0,0
125.88778835489254,0,0,0,0,0,0,0,0,0
147.20452310518345,0,0,0,0,0,0,0,0,0
109.68972770219871,0,0,0,0,0,0,0,0,0
146.17350391610194,0,0,0,0,0,0,0,0,0
143.66278300666644,0,0,0,0,0,0,0,0,0
113.27304050639721,0,0,0,0,0,0,0,0,0
175.46607157434585,0,0,0,0,0,0,0,0,0
149.26627978176603,0,0,0,0,0,0,0,0,0
104.73439925812912,0,0,0,0,0,0,0,0,0
380.65490704992686,0,0,0,0,0,0,0,0,0
171.70778617457012,0,0,0,0,0,0,0,0,0
134.926827387865,0,0,0,0,0,0,0,0,0
164.68380586164497,0,0,0,0,0,0,0,0,0
161.29585250313144,0,0,0,0,0,0,0,0,0
132.896852990917,0,0,0,0,0,0,0,0,0
118.22037536810855,0,0,0,0,0,0,0,0,0
133.7858541784604,0,0,0,0,0,0,0,0,0
110.21905097380471,0,0,0,0,0,0,0,0,0
155.84604768470382,0,0,0,0,0,0,0,0,0
275.36932208792825,0,0,0,0,0,0,0,0,0
105.04446689277266,0,0,0,0,0,0,0,0,0
128.72541131482046,0,0,0,0,0,0,0,0,0
209.86960345640975,0,0,0,0,0,0,0,0,0
122.3569916665493,0,0,0,0,0,0,0,0,0
126.16558054639788,0,0,0,0,0,0,0,0,0
95.90785186445743,0,0,0,0,0,0,0,0,0
167.18720207201582,0,0,0,0,0,0,0,0,0
130.29199301874272,0,0,0,0,0,0,0,0,0
122.38331355064,0,0,0,0,0,0,0,0,0
294.7297193768799,0,0,0,0,0,0,0,0,0
100.34133497517486,0,0,0,0,0,0,0,0,0
116.22928814437354,0,0,0,0,0,0,0,0,0
104.15004122795231,0,0,0,0,0,0,0,0,0
114.72692530101077,0,0,0,0,0,0,0,0,0
150.56771190404,0,0,0,0,0,0,0,0,0
149.88016965773662,0,0,0,0,0,0,0,0,0
139.16628932302635,0,0,0,0,0,0,0,0,0
166.75487886197206,0,0,0,0,0,0,0,0,0
165.7010289426449,0,0,0,0,0,0,0,0,0
81.3996069498119,0,0,0,0,0,0,0,0,0
136.8165602912288,0,0,0,0,0,0,0,0,0
114.62146730008219,0,0,0,0,0,0,0,0,0
213.48358384932163,0,0,0,0,0,0,0,0,0
105.27440739687349,0,0,0,0,0,0,0,0,0
115.04664406302297,0,0,0,0,0,0,0,0,0
112.5802313606819,0,0,0,0,0,0,0,0,0
87.8218988568262,0,0,0,0,0,0,0,0,0
131.63658408768538,0,0,0,0,0,0,0,0,0
164.68852403034833,0,0,0,0,0,0,0,0,0
187.27890883689463,0,0,0,0,0,0,0,0,0
206.53520426244455,0,0,0,0,0,0,0,0,0
110.62012440451218,0,0,0,0,0,0,0,0,0
136.08417592807217,0,0,0,0,0,0,0,0,0
130.0628765441298,0,0,0,0,0,0,0,0,0
135.0514296241193,0,0,0,0,0,0,0,0,0
157.86066124322653,0,0,0,0,0,0,0,0,0
142.8693314386035,0,0,0,0,0,0,0,0,0
181.20225999620195,0,0,0,0,0,0,0,0,0
149.11209155178014,0,0,0,0,0,0,0,0,0
119.237249208598,0,0,0,0,0,0,0,0,0
265.58372631390864,0,0,0,0,0,0,0,0,0
163.06364670409195,0,0,0,0,0,0,0,0,0
99.35566297344944,0,0,0,0,0,0,0,0,0
138.8868972617463,0,0,0,0,0,0,0,0,0
136.26807494161724,0,0,0,0,0,0,0,0,0
97.12657913663497,0,0,0,0,0,0,0,0,0
230.4645413403388,0,0,0,0,0,0,0,0,0
297.3862831101189,0,0,0,0,0,0,0,0,0
121.56757112520374,0,0,0,0,0,0,0,0,0
248.259155441861,0,0,0,0,0,0,0,0,0
140.46165383055572,0,0,0,0,0,0,0,0,0
156.13221651211614,0,0,0,0,0,0,0,0,0
201.25002980161244,0,0,0,0,0,0,0,0,0
158.16022223313175,0,0,0,0,0,0,0,0,0
193.90839021366594,0,0,0,0,0,0,0,0,0
125.79453847070032,0,0,0,0,0,0,0,0,0
118.95406388771569,0,0,0,0,0,0,0,0,0
307.33479921136126,0,0,0,0,0,0,0,0,0
149.8102424242112,0,0,0,0,0,0,0,0,0
141.64094497696712,0,0,0,0,0,0,0,0,0
134.75194711820234,0,0,0,0,0,0,0,0,0
118.51469657267823,0,0,0,0,0,0,0,0,0
143.99294765630395,0,0,0,0,0,0,0,0,0
110.02742486783352,0,0,0,0,0,0,0,0,0
108.42545320849435,0,0,0,0,0,0,0,0,0
169.10687063728062,0,0,0,0,0,0,0,0,0
114.67143934897643,0,0,0,0,0,0,0,0,0
95.60894060936423,0,0,0,0,0,0,0,0,0
152.07333689248082,0,0,0,0,0,0,0,0,0
224.4435277828083,0,0,0,0,0,0,0,0,0
129.25731675672787,0,0,0,0,0,0,0,0,0
225.41371731714435,0,0,0,0,0,0,0,0,0
212.51223675396642,0,0,0,0,0,0,0,0,0
123.30672512315454,0,0,0,0,0,0,0,0,0
223.71819742423008,0,0,0,0,0,0,0,0,0
137.37353312391647,0,0,0,0,0,0,0,0,0
124.10571287347118,0,0,0,0,0,0,0,0,0
121.82220375277294,0,0,0,0,0,0,0,0,0
364.62957098594,0,0,0,0,0,0,0,0,0
250.33544386656325,0,0,0,0,0,0,0,0,0
138.33085568618503,0,0,0,0,0,0,0,0,0
248.9588306543263,0,0,0,0,0,0,0,0,0
174.60828786301127,0,0,0,0,0,0,0,0,0
337.06899072407003,0,0,0,0,0,0,0,0,0
382.29060062283753,0,0,0,0,0,0,0,0,0
186.35980026164552,0,0,0,0,0,0,0,0,0
115.80101564483077,0,0,0,0,0,0,0,0,0
207.88853724897302,0,0,0,0,0,0,0,0,0
256.99785915772475,0,0,0,0,0,0,0,0,0
100.36347668619663,0,0,0,0,0,0,0,0,0
184.09128882071298,0,0,0,0,0,0,0,0,0
115.98297779102097,0,0,0,0,0,0,0,0,0
125.4069310073629,0,0,0,0,0,0,0,0,0
132.94772374396481,0,0,0,0,0,0,0,0,0
217.7033781394838,0,0,0,0,0,0,0,0,0
151.7088179476923,0,0,0,0,0,0,0,0,0
157.63565202375244,0,0,0,0,0,0,0,0,0
159.5535864141956,0,0,0,0,0,0,0,0,0
148.55907805521383,0,0,0,0,0,0,0,0,0
252.38006867635679,0,0,0,0,0,0,0,0,0
152.17889326123182,0,0,0,0,0,0,0,0,0
144.43528862480343,0,0,0,0,0,0,0,0,0
129.36172039452876,0,0,0,0,0,0,0,0,0
151.74733426136274,0,0,0,0,0,0,0,0,0
155.70288453926509,0,0,0,0,0,0,0,0,0
107.29818897081735,0,0,0,0,0,0,0,0,0
236.6978114185376,0,0,0,0,0,0,0,0,0
176.86678342681918,0,0,0,0,0,0,0,0,0
183.296164818823,0,0,0,0,0,0,0,0,0
111.67766210826754,0,0,0,0,0,0,0,0,0
168.47373022209115,0,0,0,0,0,0,0,0,0
198.21091298519994,0,0,0,0,0,0,0,0,0
143.69140220531372,0,0,0,0,0,0,0,0,0
174.80276248907475,0,0,0,0,0,0,0,0,0
99.50497108272928,0,0,0,0,0,0,0,0,0
255.90929405725427,0,0,0,0,0,0,0,0,0
168.42800220906128,0,0,0,0,0,0,0,0,0
226.24971493047454,0,0,0,0,0,0,0,0,0
148.16078258901172,0,0,0,0,0,0,0,0,0
199.34727990720947,0,0,0,0,0,0,0,0,0
117.46709049492243,0,0,0,0,0,0,0,0,0
218.35721287957713,0,0,0,0,0,0,0,0,0
174.06510283372728,0,0,0,0,0,0,0,0,0
190.83794277988792,0,0,0,0,0,0,0,0,0
146.87626909136443,0,0,0,0,0,0,0,0,0
207.4459734118581,0,0,0,0,0,0,0,0,0
123.05452589424269,0,0,0,0,0,0,0,0,0
169.7490457950855,0,0,0,0,0,0,0,0,0
185.18075070072217,0,0,0,0,0,0,0,0,0
118.6175503625658,0,0,0,0,0,0,0,0,0
151.0548100663944,0,0,0,0,0,0,0,0,0
156.13644598695547,0,0,0,0,0,0,0,0,0
201.07212622332483,0,0,0,0,0,0,0,0,0
147.95521960383073,0,0,0,0,0,0,0,0,0
165.62978375393055,0,0,0,0,0,0,0,0,0
123.82886885797119,0,0,0,0,0,0,0,0,0
157.54720713196406,0,0,0,0,0,0,0,0,0
172.7012151206046,0,0,0,0,0,0,0,0,0
148.35005805550531,0,0,0,0,0,0,0,0,0
87.77458927207283,0,0,0,0,0,0,0,0,0
224.08999473947884,0,0,0,0,0,0,0,0,0
138.24591337351166,0,0,0,0,0,0,0,0,0
129.85678527724116,0,0,0,0,0,0,0,0,0
87.67880121614769,0,0,0,0,0,0,0,0,0
218.11198277609074,0,0,0,0,0,0,0,0,0
150.79620083009394,0,0,0,0,0,0,0,0,0
78.3455062254657,0,0,0,0,0,0,0,0,0
196.80820690970765,0,0,0,0,0,0,0,0,0
124.92412794965011,0,0,0,0,0,0,0,0,0
155.58597720653893,0,0,0,0,0,0,0,0,0
141.64417391476127,0,0,0,0,0,0,0,0,0
