cycle_time
8.723500419588879
10.755408457557621
9.09768937687284
11.441409044148182
14.15875188811839
12.450152094051951
9.801147238256384
11.580648220150984
10.706878064511042
10.019272782734099
11.76967623808805
12.45962794730717
8.961328487791281
9.147561256036521
9.223005966427797
15.802351310730094
11.222383881060724
12.926849682674824
10.486099435464746
9.780462469186174
10.377837917494372
8.957869886649094
9.303628054795272
13.420997805895377
10.699296829939398
9.375161705426889
14.320257075172808
15.737359222491348
12.056857563435889
12.38229515737
11.31788924928116
16.045888187851926
11.361675294175159
8.685338378536562
12.971522876849024
8.669729819874041
11.721134997607463
12.289547903557272
14.944195646199109
9.441404426086624
10.349521647222584
10.274001855662272
11.994077096142084
14.088125619849912
11.021027717548272
9.799510846136773
8.807972418162118
10.444639752070023
15.153402064769633
16.010125800414222
11.61459693567737
10.224374084800443
11.350585183867276
8.548815022216791
7.879027975602305
9.920987939933935
10.05181713981372
14.748730208820705
7.204025240522012
11.406340013210716
8.714220638191236
9.28133291260794
10.278384092426231
8.300728203134769
10.324699822359051
9.924966706168878
8.855355315949526
11.34099860590788
8.893308389525462
11.533788903170693
8.28738517489629
10.345914317092396
9.029211326606424
18.721678839635018
9.27256311787636
12.001238789516743
11.667454306751086
9.905653493338916
11.006032368909494
9.349678421496499
13.772454871526358
9.568341954196436
9.807973003782314
13.01754408808654
11.433348567326
11.898284689252511
11.718501439956546
10.082167312877617
12.835155180192428
8.22918987968105
8.4011804175347
10.779577180463727
11.311177920329326
11.85410592657112
9.254482514937015
10.413329509683088
10.222651341335586
10.435846208597228
9.673328724677974
11.642542107241072
9.929108133267246
10.379054334067554
8.138030528779371
11.574954329882775
14.551730890949006
9.039448204876312
10.005898696819557
11.28161928286706
10.673852222686397
12.577247211995475
13.326936629023306
12.162918934345576
9.992222064578504
9.986422490603012
11.085585468326775
10.866153574033167
9.837889689757537
11.753055294229439
10.678851606310479
10.037564093058151
8.217129228366563
11.847875970923562
9.440960449777993
9.742767086650773
8.678940447544795
11.062659548126927
11.481257180955046
14.548868000154506
10.71586670791489
9.533176229018075
8.343513046626557
8.785205562404457
8.755142957661548
11.259014996866325
8.91559267951311
10.915119807232573
11.178450545871803
11.225973931422518
7.2569423341608195
9.465860953744203
12.693315497910561
10.915167806260966
14.40861572046477
11.336516269200452
11.441037490590208
9.327585930533216
9.11087567976564
10.704989115385922
10.005542629995027
9.926388474208796
10.723435413500432
10.656332020540408
9.822357066481517
18.388720391237683
11.524081731079528
10.916006844959712
10.62864156344633
13.220828689823666
10.267812864738499
10.451540328392655
10.54790310304874
10.659473915571947
9.184887137495451
8.72589944995053
10.160733483602423
12.206167959773964
13.3819034265363
10.841233540011743
10.316180907019547
8.604231682486711
11.78861199383714
14.213311194038688
13.693285778877138
11.20504624130955
9.598000740566809
9.003710998631766
13.094121138717838
14.703901882636574
11.056871742345965
10.18224298293955
12.661632419627477
10.737685702094897
10.132472154432637
9.338457750236799
8.528672804005348
13.082939485528858
12.84457743947144
11.508663192357016
13.22375450795457
13.371466400261491
11.680945088413575
11.126947741405766
9.734377918501638
7.759391317567165
9.983938750688779
13.589345407563576
9.246322617519573
11.347700714508509
9.495794965765816
8.933394249043266
10.980076145148315
11.55059007343411
20.513682586121874
10.595701224996082
12.03680080894301
11.86121626087064
14.11085608446869
10.406842709917441
7.836309134947398
8.925029707514101
13.16482354867711
10.649020566440585
10.420951080159982
10.096773690871796
9.951927801077638
11.367222180380987
9.537114363991433
10.183421800785762
7.502408877876538
14.800081265607247
8.733422228870293
12.17875520682472
10.412969518282633
15.223484483614525
8.412324204833643
11.769712020410411
9.570933286841546
13.16784909404394
9.90540614276736
10.645863055055647
7.414166871873748
12.703228847424723
10.2201057640602
7.86635374052608
12.196704351701483
10.312736910926159
9.47423689852678
8.127761275612187
9.243266761965826
9.724300414932214
14.025309556122968
7.484087999357196
14.39297696357125
9.601860627161821
10.53139845407879
11.750962210436127
9.19423545734529
11.171266399424555
11.220866554026143
8.87606452568314
12.242666317019493
13.420923301172458
11.092358829120625
12.68090855995127
10.870745035700478
13.708015469223675
9.853449214604726
11.938649883690099
10.374395042655536
11.33793473387702
10.440837456904688
9.387807557778297
9.229326878838132
9.018157831134705
10.575747427581826
9.460578798356725
16.334194602378794
13.177642259772437
7.708961213529357
7.92254429754005
12.809634670661184
13.49702179561006
10.223498902431084
10.194523312655006
9.751402665762207
11.287429109360174
14.27328766532267
11.535883545265598
11.130717977734779
11.660310260392524
10.767384485611435
11.439921510357165
11.241423122763926
12.177612036250322
10.834314228715531
11.623808954249274
11.958563706072537
9.115475908057494
9.856608551142056
23.540132213827466
11.281966623260113
10.386079188968862
10.83976624151461
8.407539846055732
12.04566672591551
11.911146344635675
10.450805504293827
12.827668460847404
8.431984291832096
10.19561612572947
