cycle_time
8.707945559741676
10.291260449349487
8.526273877048421
8.625282860927467
9.900087676330257
9.1235188191687
7.9383015346695585
9.760411636917768
10.307941263627628
8.507896425446303
11.13026345288407
10.433644167344113
7.743269065208542
9.30016124101672
8.50185890086075
8.305832205692695
11.176800104914493
11.4771708557271
8.877312283263688
9.845223841561564
11.821584609997855
8.015354824044708
10.209350059788916
11.464760510544387
10.200632348476603
9.62687244400632
10.489571052280025
9.243341205417327
8.045800741049804
11.313980850418728
9.944959987348092
8.028963404955078
9.606846212183354
7.650869379956057
9.096449696053941
7.220843547432798
11.690035488114072
9.819795131269167
8.967489789493236
9.98946503057896
10.191941162468552
14.663337836554126
7.4041341261442595
9.126414255887804
16.546135796301797
8.255436252498772
8.472740646065171
8.242870224291972
10.3538302989368
7.8934250440456495
8.889953185557978
9.410422857274963
10.493376077194796
9.81593157644332
9.307242293851283
8.258920021304073
10.289465791383773
8.81184750376637
9.440425053098743
9.758632277372774
11.767418256944596
10.00273568245768
9.243615991893884
9.52345519878646
8.79349099212886
7.338562525662875
8.76360698221189
10.454323842944007
8.42023634229365
8.191278656046958
10.78263941132639
7.926935751709566
9.221007385099389
13.64219994394003
14.544124764521458
8.36420870432488
12.857895739973037
9.081227044703388
12.790452714309074
8.60381587596004
9.659686175688417
12.162643538945064
7.9748097124734905
12.26725164361134
15.696376296963583
8.827211368114682
8.64396137521154
8.189016121118005
8.412070636716349
8.562019195813765
12.007330912324244
9.74228537652012
11.461411841667807
9.608194378111534
8.702853619509373
11.41056417533026
11.288369862438921
10.579141585241402
8.55388406007631
10.474163959306054
12.246193486040095
13.01339821860199
11.48556601925583
8.941438741345541
10.049089779290554
8.339399067156425
11.447362988978352
8.780275801771113
7.863343077860604
8.588441029877144
8.506704923477294
9.114623597743828
10.864692819682901
7.542326783280357
11.902631583738462
9.427447044900314
10.049398256943185
11.614051609205069
9.299503439036101
9.465619486278737
6.938053888303029
10.37416062096007
7.316789018159737
7.611384581687827
8.728050269793687
8.58575706171499
11.092661683328922
7.11253299803504
7.875837741629574
9.788147249916692
7.685614355778037
9.165930729797951
9.680838077065218
9.957130320588659
8.339765969140945
7.387300369436613
8.941779042542388
9.333173535429541
9.04698386623391
9.943845411781481
9.006689104901112
9.105148923400161
10.035824740963434
8.51462056487528
8.197070972925554
10.974408369362397
8.919622565914011
8.407614124190344
13.274393946248992
11.357122272316854
13.673475529418406
8.154199583967817
8.486834476242377
6.7710510808774504
7.122986406687641
7.5875906414561305
10.119668053733777
7.991128262537379
16.1324217923335
8.527883608519335
12.094281592911058
9.772764885857494
9.815799422165755
9.574039155907574
7.79403084735956
10.460151078665962
9.355459247673647
10.625670019158495
10.560250751206125
10.351418323981482
9.121805601253765
11.460577154179097
9.063843216277775
8.504648284259991
11.203613953987643
9.546188342839386
8.7326028019221
8.495747091332447
9.299406977321551
10.157624953292435
9.09222362767443
9.913705511210457
10.28609762916219
10.578322853565874
8.311339521434913
10.163177686776177
10.83482744582227
13.52452243843376
8.591372122087984
8.469213625552717
8.215996629331606
13.717671869039277
12.28603427062665
7.284363267889726
9.89075686059947
8.24025376233686
13.103504912594389
9.78261601734603
7.361737892092396
6.684681677405859
7.94003696395545
9.269004744185894
10.15453304740647
9.697000516079743
9.010125851473715
9.386669281552233
8.324553691609355
9.491514692035945
10.229234381546954
9.0990133050801
8.58486544639432
8.274736306649842
10.777160532136556
8.636455579369201
9.90086332929231
9.511842239701862
8.197780078097182
9.65963377046267
9.119150031832437
8.333483736893212
12.041089774361394
11.54191379499982
8.277742012553606
10.76361247059785
12.777478012401984
9.566856888367605
10.215483889290219
9.800943816368033
9.630705728453707
10.855854080659965
7.547096664956553
10.919596452135476
8.723394225698042
8.232844548642328
11.71029514749456
9.728883466023255
9.775284984767907
11.068599880672958
10.527897226694659
9.836143436872803
9.404492215096308
9.139874846020632
7.8235828309611355
7.035907586834779
9.615899987651803
8.288677912660217
10.640595950736802
10.706745812261872
7.560707402702287
7.5398525239932335
19.604640994577355
8.359217227685011
8.626181130534963
8.49259116094476
7.537828594461324
8.061503671888273
9.596149456707803
9.09334676038641
8.644835404802455
10.490367229189042
9.354750679975833
10.065481465754429
8.748217028931442
6.789146466453227
9.059641314039428
7.9755194005668
11.433761854482107
9.582578725998873
6.9191096512679415
10.535778825962682
11.260626130182656
12.349153707587925
7.915106097074339
8.584417359970445
9.427168429474207
7.8390154285045295
7.522937460691817
8.128369445319207
8.800868210663891
11.74247524619346
7.303560880400567
7.551735493339483
9.84800542844219
12.179036776703564
12.087006647292768
13.444659594711474
8.154761003938859
12.785406344086358
13.262367354394595
7.154971401306544
9.72685876746288
12.703713410873371
9.425503007576511
10.5168745994647
8.095225332010605
11.465244522554466
10.448406600097343
10.68076288643518
17.227421846711632
7.8634650062950895
