cycle_time
14.749829365235291
18.423544811491862
9.435469380811693
10.44691305190705
21.71155437861023
18.134995842550882
12.721752257434423
12.962326819624774
30.450048397251294
14.194136090124376
11.754033780614902
10.975719847713638
19.4517235937755
10.578711228262797
13.223759387109359
17.371147770642704
12.27360418332795
13.402871542488382
15.78392449497894
15.751058057975639
16.105943736044754
13.558640303038644
16.013311874697106
14.878275226265334
11.942996841914347
18.23934186799206
16.929078031653454
14.70563135073983
18.166640893710575
21.552925100150805
15.25481584358481
12.322987293063463
11.362192596709008
13.676493410420624
14.415939748075663
13.046374822904149
12.145206083656745
16.42190039965696
15.030256753777806
13.94196023611473
22.215145516779284
11.333215552094074
20.730953887494938
15.685842537814201
16.204160672638576
12.38632707578288
9.893223182905075
23.67848136842272
11.691642581402633
19.904978099938784
13.155711367676943
11.424343733041388
15.089054354895623
14.266670012475366
11.710717312087054
23.358640267465
11.328256273365806
16.9243762673856
17.923598785250018
17.016491896209637
11.492241407420373
12.745245906074725
53.477174849065406
20.568326111392633
13.597606553740723
10.165044332567048
13.753240746878804
15.072294714582284
16.606397394084848
31.344015790512
15.853152513733066
15.182403738938183
10.35213033310131
18.232637170343157
16.051289345109033
22.150383773902313
11.950559769299302
19.59071379334065
13.014285106714867
19.10140402890157
14.036874446918656
14.151603076754444
15.194149524151616
12.957182156099439
11.566270593648126
17.176285524986824
12.08794138987184
14.670986754481104
10.370972601423851
15.089307030418684
19.926619527486633
14.584300279785658
12.974048623056753
15.404729036743461
17.44652030362202
10.17505604645981
14.565366468439825
12.005979863276288
16.389294746009146
13.111344387608202
20.102064475574288
13.615882032169052
17.900679568390473
11.610685059624464
23.382111209731963
12.749534992366737
14.35377152564039
11.992941111901171
13.002376384880195
13.866905056931312
15.916734977714464
13.778557411889782
22.10356754318422
16.910863019285696
12.39305793804583
16.52184648291563
12.071456066970164
11.226303784613501
15.261282531330568
11.212696709102364
17.144140961202616
12.759854806777229
9.011964264373047
18.307647399137622
14.026824906845146
21.126829333957858
15.429905898000344
13.479885184064749
12.992470675750015
15.477931876832846
14.566388642290802
16.993490863302544
15.291589501326786
14.446761172157276
13.040388945311415
11.404216420668828
11.136789988060643
13.220998838131406
17.07936421503841
14.27065960302433
9.813379420056007
14.747110568361526
13.84444422672959
12.38216822362446
16.42614968866703
14.353102179081263
17.40983429168696
14.462683237399345
13.249286332903136
14.583928159955333
19.633549646268037
17.57084362506052
14.43114449253208
12.828332010706971
12.71551320741168
14.305043971682862
12.868569635335852
22.40605328205527
21.5415114450665
16.988144791188994
14.438730094510824
19.202980958692383
15.909136178801013
14.375411333100429
32.79016687566715
12.732672248081537
12.922570643351701
11.618583120139263
12.129280161474826
10.425640980616878
15.031290282267591
13.470545311915833
20.865026002474206
10.473482315070763
12.339763880311738
13.664530999542126
13.526918737461541
11.314228674651808
14.51137829919352
13.157511476669228
17.975731920950658
13.313973038585761
17.50376108176476
11.270274285430368
19.63597870874989
13.814978088976602
16.629301302629365
14.322452737739383
17.144966557625736
11.328558393598545
25.275570560093
26.609626784109288
11.736194050859723
13.387350033405863
9.598743443910687
11.86747081849153
15.065407954632022
14.447564299031265
12.890145133903827
15.010769590838825
12.018190278522113
13.808565390594326
14.536611579223672
13.486101950457678
12.873557305831678
11.731405267668938
12.82003822821359
15.149053629682566
14.281952116388455
17.861425306981868
20.542074533628437
18.132425569262217
14.895936729263529
21.670090171208507
15.663631889066227
16.06396089512439
11.756927180974074
15.943005252991934
19.410806350859655
15.0650611333417
14.94628611524164
14.682436668571484
13.369415838900121
18.25823227708297
20.941359126528646
15.660025410879564
15.969543294117955
11.781224865201276
18.378219118698997
19.834100226890367
11.891305512551908
13.542297120643118
11.9584519524677
16.179776188105745
12.367435718414468
14.968977634273731
14.383863640421778
15.251945526636078
16.294837694080663
17.470968171941276
18.048234911689843
14.796902215827787
12.39051744346147
16.22420447166297
17.609464585470022
12.76123603565044
11.62260834101539
14.65458618707849
15.829252578852643
18.668593251494247
33.91104068247446
9.148684976478863
16.634949239653903
11.510821149385517
30.359021310206582
14.616131185748786
20.784113044281888
16.075694954054164
15.534772367707369
16.022836003457655
17.62537273574015
36.75281258603684
11.582896440853872
17.22728807212256
18.4657293670536
15.687725952412302
10.495345645211252
13.14497728307861
12.429121076750889
12.443115751998777
11.154808203343533
13.622988660856342
16.369889586238887
12.258787741371755
11.54921217770737
16.272812410641183
14.571878256326412
12.252737553081307
19.33578056234964
21.60090073623767
13.437189474458188
11.944016767226564
15.42941792332063
22.010296233743993
16.21222185741042
18.485122715383913
17.05001250185344
23.493679991223527
13.80071339981114
20.75370876909526
18.017730217139462
16.911437265481645
17.297065529697456
11.71538848867366
11.296058367937167
16.460491989001117
16.682140129349644
14.605236280580211
16.633513749854853
16.126050178507306
