cycle_time
13.32708801881511
9.116065013540002
10.00002175625337
8.940778124881195
8.403150566954112
10.237273300852568
9.012144062232315
8.41879988305041
11.32021753233213
8.525859329568505
9.32979180890349
8.01686123241726
12.068627312125656
8.494351114620343
8.811538705498378
10.539839386449831
6.68199994056354
9.024062746412328
10.04994098332119
8.729636761669875
10.196090731781773
8.350466392037903
9.535689010805731
8.20336236341883
9.197473329248938
7.209896913298423
10.006574315347475
10.583706604644803
10.239565461227313
8.248601285193544
10.04926924120012
8.914136063308373
8.11229835742986
25.07371378841497
9.49752692827418
11.525442998731801
8.671008487302956
8.684402771387107
8.537742475385114
11.653187244613774
10.782730180681432
9.24031481672955
11.220570293830793
8.596905798577932
8.416338971171214
10.954685376746962
10.038866516791112
9.765599306766791
14.198613968779226
9.820490046430296
11.843323098888835
9.424425568443388
8.080221722579966
8.180232028205667
8.600894007616217
7.463992897253185
8.169647475878802
10.170442647942757
9.506011340140017
11.335366612881673
7.692412124127147
11.505324071240393
7.823170375035801
12.723638708848323
8.141133182245818
9.86136782918746
11.494060567401457
9.46943190459246
8.042906146058227
10.289582242228438
9.116288256171881
10.204817823849176
8.179125681189602
7.979682678431284
7.146917357280913
9.169751720582743
8.47624934281623
10.792638035348217
9.391020042648488
9.333293856946128
11.316945492728093
10.45509207419459
9.64585863535135
8.253337692221365
8.75490415877014
11.860621044803178
10.733700369654537
8.272811436836859
9.542340480594028
13.64540646227292
8.764285781800655
10.597038600231262
9.107886038831664
8.143937504159473
10.815819986563053
7.398347946480565
8.451064880490158
10.048735519434771
13.427105471803271
7.29926506464611
9.700759897527682
10.458646621048366
10.722028421969023
7.5994031317917035
10.14914731105068
8.938331986775983
8.441868820780714
9.543239053575828
8.227321285829674
8.201956951436339
8.334121130149088
8.385037887115727
8.71076678881892
9.490503403438524
9.191295439960038
8.075198758257416
9.661515093474002
9.811684347553221
9.444318152597111
8.609033761451899
7.821805295938776
7.596994264130319
10.482884201091572
9.783753021543948
7.758764916869998
10.882123620379408
9.912876609885997
10.172926503357516
7.490100757899329
9.040190298304307
12.937578786732574
9.838081542066632
9.972128555092645
9.447997232310042
8.228666797126571
10.414098689341024
8.62774851786106
9.080848767928295
10.909612674980966
9.089841163943358
7.477903512197365
13.966865919527766
9.889991898650711
8.420935637582115
8.071108870142712
8.01073644884746
7.764921450593464
8.35267538973785
8.89206303760274
9.409461790105443
7.6756819435449986
7.6179171749310655
8.460396356122303
7.6558399444148595
7.777898202770681
14.030641003379028
8.79117592761163
8.071914157693058
9.68458665990426
8.149765791623379
7.340434704617187
7.083624700056579
9.555214225959169
7.503717106901569
8.449885209037818
11.152249388308915
7.506829965251414
7.646661690120524
8.577934398930163
12.17987678889744
8.663933358757385
11.491696873622748
9.542608464617528
15.815079226940728
11.954290426687487
9.609687677922757
9.475243851707182
9.25630441642737
9.960594549942929
9.813209755051355
7.107617545808941
9.374496786245409
10.47798248619706
12.136317314557044
9.005918107148442
9.64101668509338
7.9309498370844445
9.878452968653004
13.992971640389083
9.163114537268049
9.104329518725189
10.087219216462167
6.535818189809769
10.51535098736249
7.942254596316752
9.773390917418666
12.416241697602896
7.5933674528626725
8.280656766289683
10.496543928557784
7.294627245866238
10.123598085843893
9.33500705974463
9.830649507885704
9.72203593855699
12.539076824467914
9.369011037880345
8.975742928334151
7.597164178828592
8.363787777349533
7.438147971477365
9.847523820167877
8.778051637283907
8.657768080887294
8.118376856101083
7.914488706902744
11.633937231611167
9.054718175946736
9.697495640319739
7.321252310859623
12.139858521538224
11.651624968398115
11.812348627952188
9.789118107822587
8.576696580943109
9.41210439251607
9.697626346957422
8.39518658714483
8.364464503006896
7.424442176735776
10.464342140673503
7.615769604081063
10.946452947469593
9.847972067279752
8.778556645981517
8.332589448015225
10.010538662368134
8.662686642828671
8.961170804767033
9.542693058948819
9.910583999098
7.319250907820942
17.694727101515834
7.975798020704365
9.474288822124043
11.15910617759197
8.06796883266905
8.941148603847095
10.651373229593677
9.173615144238283
11.165779690302816
14.224743676094528
9.63052817486341
11.602764422443668
7.224648278165814
9.530440711295023
10.42961830168667
8.582499085982189
9.953185531511421
8.851192737942533
10.075644265839768
9.326604358447119
12.710468117792626
10.101928562750937
8.957992450760077
8.000894507392317
9.078628019115948
8.837459846024812
8.623503063809727
8.309391940096793
9.920269662288472
7.99208084851084
8.357668676187782
10.94179333284299
7.334088897984711
9.60206556111145
10.5885807023185
11.948651403321133
9.4128312119963
9.60819610261694
8.010349455960423
8.098857146721244
9.648079638541187
8.257588461925097
10.61802111647317
9.078431190168503
8.428638128896267
8.087926451642282
8.434667339707989
8.82620887859231
7.492118955700648
7.119294056139782
9.767391734155545
6.897976231499046
8.173088311602475
12.89260833125347
7.893920920671431
9.131683145013291
10.183709176876237
12.379491164763392
