cycle_time
9.530892627107553
8.132912213148012
12.869590970285667
9.02137455515219
11.201701417677084
10.50214616086854
8.758869266646705
6.750474402719733
9.948940465921615
11.808377551667085
8.908544605031302
7.221280873873834
9.866243419563961
10.469583575128661
8.82312904256038
14.738639839825534
7.493486171238928
14.968291848768768
8.9709364125779
8.69647105904765
8.61382278703986
9.648295130616425
9.176832842735596
10.51773784870352
7.1923161049851245
8.954714390854067
14.437989563239126
10.599203798254438
9.96693043035909
8.39305878594295
11.918385648532901
9.157383286107127
8.3225484692546
8.993422560161102
11.27263123412199
8.696502540323063
11.538043451671202
11.043280806502187
12.398285848005598
9.310351325376846
15.952772001140842
11.191174235517783
9.674659853457122
10.782540152297171
12.010465721114663
10.72393951212019
9.209775236032417
12.673086576745986
8.456840226874915
10.13576589530085
8.168143282572231
7.755820831129564
8.719966864114417
11.321645008313693
12.722519811419385
13.135112389647785
11.207068318831713
8.005356741618135
8.624828844797266
8.648074088696546
10.848001595584128
9.0971030801163
8.778653275998353
12.868230054548107
9.698610461829015
10.539694936564974
9.412179224204086
11.072367395175856
9.439716438107975
10.601014962434324
8.222204047943045
8.288531199305686
9.076079488927334
8.06051791762052
10.645220203201458
8.623871276566378
11.44215795164617
10.014499887322387
14.418538236584649
7.916224266417632
9.937937466953544
9.421534718106896
9.9504621835434
9.380305390144184
9.397053692104716
8.292993207555583
8.688696639206572
8.66090986838588
7.964534941376787
9.654646646543311
9.576221127735826
8.188492836578245
8.877937609239503
9.608747423683775
10.444043987962035
7.741744272650224
8.817144581934576
10.671600754663341
9.52924813968273
11.243605365213408
9.146870748858571
8.709817426022688
9.781836892786629
10.998338917110498
12.585063456401455
12.291916064381002
9.67157443048721
9.174426390778509
9.906478103620627
11.120477295091643
9.69253709021528
8.931114885274702
8.990996648388927
11.808956528115498
13.432673951904645
8.054462899620344
9.300410386424765
11.103065166168715
8.54940893802823
6.887634158748573
9.9465296957662
8.186806790966742
8.92283554744094
8.82393006827824
10.835599173164733
12.723045028335834
12.349874074137247
9.864306331470603
11.531399029843842
9.524407735186049
8.624059529506905
7.785026535221287
10.217534483778518
10.161089153419885
8.75849242723552
11.27697488401268
9.347004722470093
10.924887617964133
8.045947182228712
11.912176234810083
10.06849949436222
10.00249876085087
7.664611806847351
9.01487660404443
10.502079528789093
10.764675879107273
10.91983772562306
8.239523792799165
13.804628024053198
9.096403873821648
8.924515284603846
11.251615667111803
9.390430815343748
12.224538560459715
10.016948188388028
9.28160650585614
9.26766024804355
10.267867664339411
7.463647726455133
11.5531831767819
7.912971188399098
16.96633151477216
6.747675631187457
8.863673465810757
12.390597903710797
11.617068255397205
8.567269548170623
9.606785732750815
12.162770410197524
9.037800649698308
11.808744441568388
9.105657935439229
9.299398662699236
9.618682201581269
7.864243531328035
14.790592718899838
12.473525272595136
7.922527805372861
10.182759137118897
7.7586729634445275
8.191548438262206
7.176431293540441
7.454366920039414
9.184228740008816
9.314135964097696
7.364451879262374
8.849442538238968
9.256066559582917
9.982213225463932
10.967859735212715
7.9130275237366385
9.179912064899108
9.254470066633868
7.594242134675513
13.028061557138612
7.287749919344166
7.4505282745636014
9.175172382838058
10.523030429196737
9.492106661790285
8.971375166122085
7.77147969886101
9.299175189691786
7.216644811869491
7.957239068125479
11.164534251259177
9.502310349746894
12.392446512878996
8.027575174887165
9.270668887693331
9.151785932339921
10.370005053480726
10.90761433956665
8.657456895584973
9.961932772339356
10.25215527455491
11.481504932137721
9.224104253135033
10.69371735633217
8.397786267267584
12.896697938709757
7.873263865654628
10.921211622927187
10.436936475545913
13.107777220786895
7.515500471861138
9.420033387516627
8.617323711124397
11.815653491630032
11.617210009321177
9.73092398095788
9.6111255805151
10.070159925892108
11.865270026440493
8.56012073883894
8.364241427658728
10.276448690988905
11.465839867407542
9.070598233494405
8.859623275167387
11.72202959322283
11.659724158918763
10.515628473132734
11.462729166187549
10.86035062518848
7.775812834119349
9.384772569999951
9.277647213555186
8.429303552375199
11.688500595949266
11.010838806119839
8.16912851004581
8.220219744709889
10.14817769932415
11.143014362573565
7.57882761559815
12.087844532500618
12.400058233280456
11.952722129403469
9.362202444774132
8.577978120972373
10.445042897319079
11.83084878021757
7.854907554340605
13.733515200482268
7.825878951050814
8.835434197620161
10.253571981738125
9.756152503929496
9.780341931692924
9.662189723333682
9.397046404593468
9.38262541501956
9.37998500585297
9.893875567258759
10.805567206291462
9.612378221595186
10.552770976276204
8.110374313827714
8.896447113305042
8.01656025668271
9.11739574077406
9.670694047118545
9.697686523775857
11.606419143094092
14.100303767669404
10.393588995266137
10.70989235618864
11.84139856944659
15.529152874846881
9.447382912860633
9.985089853652228
9.977781302758153
9.242559386998582
9.23735764856341
11.36941528140985
8.54572512618863
6.969540473729424
9.870309303686001
11.900114567594937
