cycle_time
18.22691087921592
14.525203985971821
14.250518284086633
15.449333991388487
10.823863326744252
12.182453551339531
11.61095520003289
16.020226002127952
16.515614975101677
11.188505952306432
11.03225482372876
13.299721408247066
12.988604214849659
8.942556368379437
11.058911111191572
11.69497036859367
16.27485790381085
17.515574864008972
12.009980437889366
14.659392124023045
11.788639668059743
11.735808800031425
21.54982158341602
15.422408764050177
15.77336636673823
11.79735515604438
10.494726656599152
15.689036117199631
23.757924306340986
11.34690852015828
21.78866028037684
11.967422678617796
14.527312416395889
20.128495409064417
13.472883506046035
18.389400270605613
12.157078096753345
12.682502677020796
13.768968431285153
14.069106984645414
18.395232157254693
8.854855748269351
15.99253562240293
12.258483764543543
15.542875715077447
15.833579772000792
13.819553148279597
11.96388321345824
9.837415561422711
19.793968728542083
16.73187565731594
15.648899975571856
14.838360251654397
13.446850203819338
11.484448276336881
13.596490373019897
14.013722328283448
16.80296542591243
8.13015051705545
11.47602060114042
12.867064460638055
16.285200379125794
11.49443581305455
11.967244048787657
10.132695446503039
12.283309337329035
17.84212372539998
10.063508463703574
14.589777295029151
14.886591575450488
12.584383645319479
15.984541404718241
13.641660299803556
11.403398189370032
11.244040442621436
12.393990303120823
10.798012160236155
14.698709418887615
14.064945510501575
9.900210473499909
11.811927243974807
18.081482856571583
14.089334087749128
14.463680187017872
11.680657093804632
10.915628788539154
15.374207622853824
15.106506783331616
22.684229946436723
12.03473780497027
19.98555775987912
17.252866646677184
13.286971571084095
17.46185032965348
12.523060339054547
13.08944311328714
10.765452406914099
13.679615725580277
12.609720790636205
15.074015376806043
12.906817117335423
13.27611694760565
15.03041962589689
10.445702338688626
10.72545976018615
18.13127528865019
10.982275225066784
15.169733719897387
21.835099494681607
12.987524846851885
16.457532047644186
11.032209962571608
11.564463809834878
13.882340968866963
15.100514784410928
11.984784535451873
15.8744785840417
14.998586481547175
20.476894500603574
15.690061429645464
12.69562823996558
15.833591815247777
12.186536918780202
12.975105115771514
13.207583490408917
19.760419962204406
12.689901115856937
16.959593887918313
11.227185007128865
13.900859958085682
12.16579260480788
10.851227784527069
13.476158023231742
10.372299954265664
21.71777287705146
10.606204791386277
14.751692811489248
13.982478728850227
17.514631325489514
15.516625272862846
12.192577979942339
15.95232345353881
19.042678315135564
12.816856693771536
11.925057225133786
13.415535768318266
14.611453323787268
13.313696386983386
10.764649766078763
12.430422189386942
11.977563424404787
13.693314707894565
15.273377448757321
10.807242454164085
14.6075615831938
11.10517573034386
10.662775230946346
19.99046196480478
16.038797265844654
16.673870651639522
10.867245370050737
16.90824094891671
11.856700750199403
14.09162936355178
15.140858506948774
17.036774644435884
11.968066909614942
11.653355464598999
15.919774363356282
13.637429062000884
13.11690638724559
12.834517697987245
14.786511855148719
15.243807541291066
12.33263045491965
12.713392278055139
15.343523648018692
10.75719114766472
17.412127809632747
13.83298246112856
13.56067767975699
17.12682250440952
10.867495428261298
23.047991558953242
10.679109511549505
11.652190555937231
14.367411432032535
23.57940531093953
9.7861519179646
14.597398027017974
14.20589871128019
19.043890426080143
16.65437968890735
13.3770490053006
11.805518521095978
12.758495480082122
11.708384408571295
13.994196630905249
10.41222832148929
19.88697159393494
15.23425395245791
13.280612401522422
14.68194032695357
13.45963412142067
22.82968707997077
16.026249027894426
16.766515968651113
33.04159487610197
12.258259610127936
10.22250342621165
12.436300347489013
13.406845233705896
11.284251384693894
13.282569687246307
13.669923380476646
12.225899522656336
15.151164592627179
20.065632002853068
11.150718207577405
13.525020127485442
11.857136656897973
12.255871703397975
14.331392183518116
15.146629730292247
16.6963274335819
12.387200314061218
11.37933360531476
11.790604072779988
18.2085890742207
11.650869996994016
14.82463115331858
19.13204086058774
12.751391785801898
13.416472221980035
14.866692974628325
13.769626164364198
13.331411488204964
18.603938428009233
10.705349245500605
21.929685985914084
13.749069990148309
20.060241694759693
11.650658646188957
14.491516513265298
17.72794815398267
16.84817798183164
13.645930213229398
19.139452782961236
22.579176226079415
10.23018974987382
13.522957416638837
10.699344990932769
10.351638970947016
13.705400429383474
11.572100715628832
13.33303772171872
13.930915010318513
11.603626969335851
13.24571604664836
11.743402012860017
10.304739173615443
20.65586304957277
15.577048470684076
7.99491213561582
11.227963396886919
12.429820015612432
12.46440578927086
15.986713807917774
11.115952782177141
13.332217830043007
11.54816633732772
19.849012026330094
22.75397120592218
12.154718197775736
11.77753295216768
19.027122885099182
12.852919260911907
12.079563901717265
16.188760077192946
14.702046424315508
9.699402700540713
12.59103758019776
19.4096619502668
11.192491368478612
12.1617679861516
11.42529450480881
11.872871450942387
15.343716350089418
14.005946612750067
9.511210813033623
11.823757768133502
11.343753930928273
19.695327707085884
14.535080637710143
11.850892450408203
12.13547329588683
13.57054104314723
13.618370254299364
10.211427671042761
14.63892857153805
